4
prev features extracted: 206
curr features extracted: 254
changed feat extracted: 185
Tracked points: 185
Homogeneous 3D points: 185
3D points: 185

New world camera pose: [-0.06794845662912131, -0.997481350957609, -0.02034604957978581]

New world camera rotation: [0.9999999821010578, -0.0001161229144393677, 0.0001493765490869746;
 0.0001163810093431361, 0.999998498562603, -0.001728967321822508;
 -0.0001491755520833754, 0.001728984675469419, 0.9999984941781893]

Current projection matrix:
[0.9999999821010578, -0.0001161229144393677, 0.0001493765490869746, -0.06806150816616247;
 0.0001163810093431361, 0.999998498562603, -0.001728967321822508, -0.9975071409369207;
 -0.0001491755520833754, 0.001728984675469419, 0.9999984941781893, -0.01863155618829455]

3
prev features extracted: 254
curr features extracted: 273
changed feat extracted: 233
Tracked points: 233
Homogeneous 3D points: 233
3D points: 233

New world camera pose: [-0.06806202040890696, 0.002517142956952045, -0.01861420897607176]

New world camera rotation: [0.9999999821054368, -0.0001160887909686433, 0.0001493737557111817;
 0.0001163468959412044, 0.9999984983944755, -0.00172906685624274;
 -0.0001491728061303643, 0.001729084204474595, 0.9999984940065098]

Current projection matrix:
[0.9999999999999992, 3.410860325246981e-08, -2.804934048774205e-09, 2.524599436776604e-06;
 -3.410860351041252e-08, 0.9999999999999943, -9.953424324373996e-08, 0.9999999999930133;
 2.804930487471205e-09, 9.953424323574989e-08, 0.9999999999999952, 2.75678000481031e-06]

3
prev features extracted: 273
curr features extracted: 283
