4
prev features extracted: 206
curr features extracted: 254
changed feat extracted: 185
Tracked points: 185
Homogeneous 3D points: 185
3D points: 185

New world camera pose: [-0.06794845662912131, -0.997481350957609, -0.02034604957978581]

New world camera rotation: [0.9999999821010578, -0.0001161229144393677, 0.0001493765490869746;
 0.0001163810093431361, 0.999998498562603, -0.001728967321822508;
 -0.0001491755520833754, 0.001728984675469419, 0.9999984941781893]

Current projection matrix:
[0.9999999821010578, -0.0001161229144393677, 0.0001493765490869746, -0.06806150816616247;
 0.0001163810093431361, 0.999998498562603, -0.001728967321822508, -0.9975071409369207;
 -0.0001491755520833754, 0.001728984675469419, 0.9999984941781893, -0.01863155618829455]

3
prev features extracted: 254
curr features extracted: 273
changed feat extracted: 233
Tracked points: 233
Homogeneous 3D points: 233
3D points: 233

New world camera pose: [-0.06794589792108902, 0.002518649035037956, -0.02034319326553068]

New world camera rotation: [0.9999999821054368, -0.0001160887909686433, 0.0001493737557111817;
 0.0001163468959412044, 0.9999984983944755, -0.00172906685624274;
 -0.0001491728061303643, 0.001729084204474595, 0.9999984940065098]

Current projection matrix:
[0.9999999999999992, 3.410860325246981e-08, -2.804934048774205e-09, 2.524599436776604e-06;
 -3.410860351041252e-08, 0.9999999999999943, -9.953424324373996e-08, 0.9999999999930133;
 2.804930487471205e-09, 9.953424323574989e-08, 0.9999999999999952, 2.75678000481031e-06]

3
prev features extracted: 273
curr features extracted: 283
changed feat extracted: 249
Tracked points: 249
Homogeneous 3D points: 249
3D points: 249

New world camera pose: [-0.1140419465435564, 0.9987162079827946, -0.09427273978061326]

New world camera rotation: [0.9999999821054371, -0.0001160887911376645, 0.0001493737554604358;
 0.0001163468961090731, 0.9999984983944729, -0.001729066857704431;
 -0.0001491728058791083, 0.00172908420593692, 0.9999984940065072]

Current projection matrix:
[1, -1.692396223162973e-13, -2.509156077357133e-13, -0.04609604862231736;
 1.683028716392698e-13, 0.9999999999999999, -1.46166412307025e-12, 0.9961975589476565;
 2.509654810356476e-13, 1.462302501309409e-12, 0.9999999999999999, -0.07392954651652778]

3
prev features extracted: 283
curr features extracted: 512
changed feat extracted: 188
Tracked points: 188
Homogeneous 3D points: 188
3D points: 188

New world camera pose: [-0.4789645355313966, 0.9033144294104202, -1.020409881186593]

New world camera rotation: [0.999999997420212, -4.784070203055917e-05, 5.358025608128655e-05;
 4.79899269551183e-05, 0.9999961108542083, -0.002788543244084524;
 -5.344664183394422e-05, 0.002788545808203888, 0.999996110570302]

Current projection matrix:
[0.999999993081913, 6.808976724300558e-05, -9.591640891015718e-05, -0.3650048457754012;
 -6.81913496882805e-05, 0.9999994364388057, -0.001059467796074853, -0.09640779082861715;
 9.584421593966663e-05, 0.001059474329414806, 0.9999994341638557, -0.9260005401877588]

3
prev features extracted: 512
curr features extracted: 1214
changed feat extracted: 479
Tracked points: 479
Current projection matrix:
[1, -9.71445146547012e-17, 8.326672684688674e-16, -0.6360902454476132;
 8.569533971325427e-16, 1, 6.904199434387692e-16, -0.03563920045111733;
 -6.106226635438361e-16, -3.816391647148976e-17, 1, -0.7707911825115805]

3
prev features extracted: 512
curr features extracted: 893
changed feat extracted: 389
Tracked points: 389
Homogeneous 3D points: 389
3D points: 389

New world camera pose: [0.5190415707281423, 0.877729910281811, -0.9627102776382868]

New world camera rotation: [0.9999995254519297, 1.134319248211887e-05, 0.0009741494997827282;
 -9.562821186340482e-06, 0.9999983298896289, -0.001827601298064774;
 -0.0009741686036793808, 0.001827591115163373, 0.999997855450824]

Current projection matrix:
[0.9999995744792637, 5.923536065264093e-05, 0.0009206152636023618, 0.997954103901054;
 -6.011997709836139e-05, 0.9999995365292103, 0.0009608990337768057, -0.02558083668252177;
 -0.0009205579177232678, -0.0009609539722628014, 0.9999991145698996, 0.05859374797422094]

3
prev features extracted: 893
curr features extracted: 825
changed feat extracted: 887
Tracked points: 887
Current projection matrix:
[-0.3333333333333335, -0.666666666666667, 0.6666666666666664, 0.5773502691896257;
 -0.6666666666666669, -0.3333333333333329, -0.666666666666667, -0.5773502691896262;
 0.6666666666666663, -0.6666666666666665, -0.3333333333333337, 0.5773502691896254]

3
prev features extracted: 893
curr features extracted: 802
changed feat extracted: 889
Tracked points: 889
Homogeneous 3D points: 889
3D points: 889

New world camera pose: [1.096391839917768, 0.3003796410921854, -0.3853600084486609]

New world camera rotation: [0.9999995254519296, 1.134319248217438e-05, 0.0009741494997827282;
 -9.562821186396297e-06, 0.9999983298896289, -0.001827601298064607;
 -0.0009741686036792142, 0.001827591115163373, 0.999997855450824]

Current projection matrix:
[0.9999999999999999, 5.551115123125783e-17, 0, 0.5773502691896258;
 -5.551115123125783e-17, 1, 1.665334536937735e-16, -0.5773502691896257;
 1.665334536937735e-16, 0, 1, 0.5773502691896257]

3
prev features extracted: 802
curr features extracted: 755
changed feat extracted: 802
Tracked points: 802
Current projection matrix:
[1, -1.110223024625157e-16, 1.665334536937735e-16, 0.5773502691896258;
 -5.551115123125783e-17, 1, -5.551115123125783e-17, -0.5773502691896258;
 -1.665334536937735e-16, 1.110223024625157e-16, 0.9999999999999998, 0.5773502691896256]

3
prev features extracted: 802
curr features extracted: 725
changed feat extracted: 762
Tracked points: 762
Homogeneous 3D points: 762
3D points: 762

New world camera pose: [1.288553235796535, 0.3742107660332932, -1.363942127089633]

New world camera rotation: [0.9999995220343822, -0.0005752866857318895, 0.0007905543859863132;
 0.0005767523750361764, 0.9999981131153767, -0.001855026248748812;
 -0.0007894857223994017, 0.001855481316230766, 0.9999979669486226]

Current projection matrix:
[0.9999998110633622, -0.0005866567675152437, -0.0001835948730294634, 0.1920249943561532;
 0.0005866517417656668, 0.999999827543738, -2.742678366383922e-05, 0.07369164546953849;
 0.0001836109314753975, 2.731907222996988e-05, 0.9999999827703467, -0.9786194065777108]

3
prev features extracted: 725
curr features extracted: 750
changed feat extracted: 700
Tracked points: 700
Current projection matrix:
[1, 5.617728504603292e-14, 5.08759701034478e-14, -0.3015783047315548;
 -5.601075159233915e-14, 0.9999999999999994, -7.027711745877241e-14, 0.486114347346437;
 -5.109801470837283e-14, 6.966649479522857e-14, 1, 0.8202093436551359]

3
prev features extracted: 725
curr features extracted: 756
changed feat extracted: 681
Tracked points: 681
Current projection matrix:
[-0.99800469216286, -0.002002598808472706, -0.06310803450374121, 0.03159180423959169;
 -0.002043235949401587, -0.9979490906201254, 0.06397997903501906, -0.03202018276874184;
 -0.06310673187361363, 0.06398126388622463, 0.9959537831966668, -0.9989878206466501]

3
prev features extracted: 725
curr features extracted: 724
changed feat extracted: 692
Tracked points: 692
Homogeneous 3D points: 692
3D points: 692

New world camera pose: [2.098862955024263, 0.01806954251079151, -1.829303908753078]

New world camera rotation: [0.9999990962290081, -0.00129181309463505, -0.0003725051630198913;
 0.001291625622787753, 0.999999039308785, -0.0005030752998421027;
 0.0003731546844169621, 0.0005025937079649715, 0.9999998040775537]

Current projection matrix:
[0.9999990686116713, -0.0007154574467931885, -0.001162280702570073, 0.8095131707521631;
 0.0007170294013807421, 0.9999988281420836, 0.001352620899362916, -0.356090702985454;
 0.00116131159784727, -0.001353453028984097, 0.9999984097588712, -0.4667845730378249]

3
prev features extracted: 724
curr features extracted: 503
changed feat extracted: 640
Tracked points: 640
Current projection matrix:
[1, -8.423817199343375e-14, -3.68816088780477e-13, -0.4654970197525604;
 8.468226120328382e-14, 1, 1.603162047558726e-13, -0.302179063135773;
 3.680389326632394e-13, -1.604272270583351e-13, 0.9999999999999991, 0.8318655771240151]

3
prev features extracted: 724
curr features extracted: 421
changed feat extracted: 655
Tracked points: 655
Homogeneous 3D points: 655
3D points: 655

New world camera pose: [2.293469767876802, 0.05111103782438417, -2.809628573330492]

New world camera rotation: [0.9999983345121809, -0.001253666448906381, -0.001326383542098348;
 0.001251669601930702, 0.9999980837817789, -0.001505242830094047;
 0.001328268072891225, 0.001503580129171218, 0.9999979874733355]

Current projection matrix:
[0.999999543080676, 3.851889984178482e-05, -0.0009551726201256217, 0.1936690786087718;
 -3.947496449644133e-05, 0.9999994982850525, -0.001000935247911471, 0.03206769675015027;
 0.0009551335859767363, 0.001000972495970087, 0.9999990428864896, -0.9805426817920624]

3
prev features extracted: 421
curr features extracted: 432
changed feat extracted: 157
Tracked points: 157
Homogeneous 3D points: 157
3D points: 157

New world camera pose: [1.8194894452166, 0.09146631772986547, -3.689238773995924]

New world camera rotation: [0.9999939320157502, 0.001122290966144342, -0.003297937941879634;
 -0.001126675349605721, 0.9999984836744824, -0.001327874765318322;
 0.003296442679278631, 0.001331582413179732, 0.9999936801569991]

Current projection matrix:
[0.9999952348723143, 0.002375725499381365, -0.001971334831237181, -0.4758083001348464;
 -0.002375375566617523, 0.999997162621494, 0.0001798329201077517, 0.03938318146468655;
 0.001971756471468133, -0.0001751494025891698, 0.9999980407476327, -0.8786668461598558]

3
prev features extracted: 432
curr features extracted: 331
changed feat extracted: 184
Tracked points: 184
Homogeneous 3D points: 184
3D points: 184

New world camera pose: [2.378273928015732, 0.2781870241849297, -4.49725812992982]

New world camera rotation: [0.9999612689472941, 0.002446492295634961, -0.008454305457370942;
 -0.002457999505562713, 0.9999960665324653, -0.00135098409610849;
 0.008450967030452051, 0.00137171244970675, 0.9999633491089583]

Current projection matrix:
[0.9999858286939145, 0.001324328303957262, -0.005156410174582349, 0.5543628088212931;
 -0.001324495120728533, 0.9999991224372884, -2.893662871980562e-05, 0.1874316571961526;
 0.005156367327912692, 3.576585876616245e-05, 0.9999867052100155, -0.810895338546517]

3
prev features extracted: 331
curr features extracted: 289
changed feat extracted: 289
Tracked points: 289
Homogeneous 3D points: 289
3D points: 289

New world camera pose: [2.582350478359052, 0.004825041042561706, -3.557244306748245]

New world camera rotation: [0.999961388147362, 0.005440554731996393, -0.00690091143332397;
 -0.005443573048167004, 0.9999850960022089, -0.000418671616527601;
 0.006898530776310571, 0.000456221066327521, 0.9999761007821465]

Current projection matrix:
[0.9999943381461421, 0.002986236651231745, 0.001551149999817009, 0.2034366485390911;
 -0.002987691003462821, 0.9999950986726508, 0.0009361266705008031, -0.2736355458193054;
 -0.001548346901349446, -0.0009407557271878253, 0.9999983587989205, 0.9400729323277812]

3
prev features extracted: 289
curr features extracted: 328
changed feat extracted: 289
Tracked points: 289
Current projection matrix:
[0.9999999999999998, -1.110223024625157e-16, -5.551115123125783e-17, 0.5773502691896257;
 0, 1, 5.551115123125783e-17, -0.5773502691896258;
 1.110223024625157e-16, -1.665334536937735e-16, 1, 0.577350269189626]

3
prev features extracted: 289
curr features extracted: 635
changed feat extracted: 231
Tracked points: 231
Homogeneous 3D points: 231
3D points: 231

New world camera pose: [2.550170482925234, -0.2606390354948295, -2.593660749415499]

New world camera rotation: [0.9999613780025507, 0.005442423050122157, -0.006900908243484398;
 -0.005445442424155757, 0.9999850857626132, -0.0004188187491808572;
 0.006898525932886131, 0.0004563810720789979, 0.9999761007425474]

Current projection matrix:
[0.9999999999982526, 1.869405531127605e-06, 3.990370575635005e-09, -0.03217950301906975;
 -1.869405530652291e-06, 0.999999999998242, -1.471131239605405e-07, -0.2654639949386058;
 -3.990645574408758e-09, 1.471131165775574e-07, 0.9999999999999893, 0.9635835962575752]

3
prev features extracted: 635
curr features extracted: 486
changed feat extracted: 570
Tracked points: 570
Homogeneous 3D points: 570
3D points: 570

New world camera pose: [2.550170475282946, -1.260639035494829, -2.593660724280954]

New world camera rotation: [0.9999613780024987, 0.005442423011998952, -0.006900908281110256;
 -0.005445442387375079, 0.999985085762733, -0.0004188189414285527;
 0.006898525969481873, 0.0004563812642703161, 0.999976100742207]

Current projection matrix:
[1, -3.679654799719665e-11, -3.657987969246969e-11, -7.67908435445117e-09;
 3.679654799014907e-11, 1, -1.924497595286703e-10, -0.9999999999999997;
 3.657982137333145e-11, 1.924497595273071e-10, 0.9999999999999998, 2.532699497611596e-08]

3
prev features extracted: 486
curr features extracted: 329
changed feat extracted: 392
Tracked points: 392
Current projection matrix:
[-0.9998781750003987, 2.229818509081068e-05, -0.0156088007438913, -0.007804646039451527;
 2.229818489938311e-05, -0.9999959186615578, -0.002856949950163234, -0.001428519940737281;
 -0.01560880074389156, -0.002856949950161731, 0.9998740936619569, 0.9999685229200856]

3
prev features extracted: 486
curr features extracted: 429
changed feat extracted: 247
Tracked points: 247
Homogeneous 3D points: 247
3D points: 247

New world camera pose: [2.535594648629556, -1.284481894005208, -1.594051268855775]

New world camera rotation: [0.9999710693911685, 0.004909048040395755, -0.005810475713800974;
 -0.00489164275772889, 0.9999835179687792, 0.003005931123086467;
 0.005825136205647977, -0.002977421388223994, 0.999978601146075]

Current projection matrix:
[0.9999992705232305, -0.0005570340110370329, 0.001071758422558935, -0.01566225318605021;
 0.0005533542398063562, 0.9999939622540133, 0.003430634723414813, -0.02726329489766505;
 -0.001073662931774199, -0.003430039158779236, 0.9999935410187798, 0.9995055810631869]

3
prev features extracted: 429
curr features extracted: 280
changed feat extracted: 405
Tracked points: 405
Homogeneous 3D points: 405
3D points: 405

New world camera pose: [2.324875398701826, -1.535989284618729, -0.6494130152493091]

New world camera rotation: [0.9999785184682352, 0.003198045485043854, -0.005721460228833557;
 -0.003181705887261475, 0.9999908408911649, 0.002862670331998116;
 0.005730562775286976, -0.002844404833760328, 0.9999795347962972]

Current projection matrix:
[0.9999985335581384, -0.001710214036579158, 8.971912894614742e-05, -0.2112335968692367;
 0.001710226840066019, 0.9999985273616134, -0.0001428242284376158, -0.2510115832378511;
 -8.947473682191509e-05, 0.0001429774590562816, 0.9999999857758589, 0.9446552559712524]

3
prev features extracted: 280
curr features extracted: 299
changed feat extracted: 157
Tracked points: 157
Homogeneous 3D points: 157
3D points: 157

New world camera pose: [2.323211191298109, -1.48293600942405, -1.648003311819847]

New world camera rotation: [0.9999871659590103, 0.0009557230519761913, -0.004975390508881372;
 -0.0009551504265243412, 0.9999995369445446, 0.0001174664256850815;
 0.004975500470370467, -0.0001127126717491871, 0.9999876157687764]

Current projection matrix:
[0.9999972361284585, -0.002226647799414157, 0.0007548344331823192, -0.0007982954586884742;
 0.002228710425412062, 0.9999937548862086, -0.002742815783349437, 0.05031602788244655;
 -0.0007487224344271805, 0.002744490509929629, 0.9999959535850919, -0.9987330274214894]

3
prev features extracted: 299
curr features extracted: 276
changed feat extracted: 205
Tracked points: 205
Homogeneous 3D points: 205
3D points: 205

New world camera pose: [2.277783676307537, -1.619698509636704, -0.6584416111576974]

New world camera rotation: [0.999995849134497, 0.002242980650107445, -0.001808521932524006;
 -0.002243886266972218, 0.9999973580449626, -0.0004988762545695461;
 0.001807398184704543, 0.0005029323013294827, 0.9999982401839023]

Current projection matrix:
[0.9999941511062217, 0.001290306300444473, 0.00316746949439263, -0.04838623502159774;
 -0.001288369859707743, 0.9999989819721976, -0.0006133169430589946, -0.1362181032608574;
 -0.003168257636536415, 0.0006092324836051988, 0.9999947954761214, 0.9894965389552656]

3
prev features extracted: 276
curr features extracted: 265
changed feat extracted: 235
Tracked points: 235
Homogeneous 3D points: 235
3D points: 235

New world camera pose: [2.029486261577325, -1.627409396069724, 0.3102115445532153]

New world camera rotation: [0.9999963632086497, 0.002522289569556461, -0.0009547904492796176;
 -0.002519894887444392, 0.9999936974952989, 0.002501019679727066;
 0.0009610927275597898, -0.002498604612468541, 0.999996416631459]

Current projection matrix:
[0.999999603793025, 0.0002738910015630553, 0.0008469932183451379, -0.2491148273462164;
 -0.0002764323725626201, 0.9999954563746414, 0.00300180199478031, -0.01068678844516711;
 -0.0008461672033703571, -0.003002034941790514, 0.9999951358818061, 0.9684149912867895]

3
prev features extracted: 265
curr features extracted: 206
changed feat extracted: 170
Tracked points: 170
Homogeneous 3D points: 170
3D points: 170

New world camera pose: [1.974345239576304, -1.676106012654791, 1.307501927152912]

New world camera rotation: [0.9999888971141955, -0.002446489806680236, 0.004027447822264392;
 0.002433944625533563, 0.9999921804534616, 0.003116880731288935;
 -0.004035041746386384, -0.003107043539936378, 0.9999870322751915]

Current projection matrix:
[0.9999752490293276, -0.004969342249265222, 0.00498065922783119, -0.06035171370920721;
 0.004966272824370076, 0.9999874705156403, 0.000628447265515919, -0.04902405244327397;
 -0.004983719792287233, -0.0006036963982654076, 0.9999873989644523, 0.9969725738125402]

3
prev features extracted: 206
curr features extracted: 215
changed feat extracted: 114
Tracked points: 114
Homogeneous 3D points: 114
3D points: 114

New world camera pose: [1.958545574589033, -1.383105329501634, 2.263483605982623]

New world camera rotation: [0.9999637913403163, -0.003602136810034256, 0.007709774231569835;
 0.003570036678556111, 0.999984919157284, 0.004173283613083309;
 -0.007724690700198567, -0.004145608327287334, 0.9999615708041896]

Current projection matrix:
[0.9999925475775722, -0.001151461193656829, 0.003684959489070785, -0.01898719970041947;
 0.001147608490264324, 0.9999987929052297, 0.001047464957076638, 0.2920212150711497;
 -0.003686161156225214, -0.001043228260129703, 0.9999926619184402, 0.9562233505807656]

3
prev features extracted: 215
curr features extracted: 201
changed feat extracted: 113
Tracked points: 113
Homogeneous 3D points: 113
3D points: 113

New world camera pose: [2.466126142574237, -1.902067733932699, 2.951262632844408]

New world camera rotation: [0.9998989797562507, -0.004190104601059862, 0.01358209504606118;
 0.004152057357218634, 0.9999873805794123, 0.002828268309378434;
 -0.01359377438794727, -0.00277158895936186, 0.9999037591651154]

Current projection matrix:
[0.9999826054540271, -0.0005985515887659831, 0.005867753008688692, 0.503221797923142;
 0.0006065762837023647, 0.9999988831792975, -0.001365908258294468, -0.5183237633165202;
 -0.005866928888902445, 0.001369443738754528, 0.9999818517199495, 0.6914537572942968]

3
prev features extracted: 201
curr features extracted: 253
changed feat extracted: 51
Tracked points: 51
Homogeneous 3D points: 51
3D points: 51

New world camera pose: [3.089674106515267, -2.634740084417047, 3.223988068953216]

New world camera rotation: [0.9996987043212209, -0.00741342698231139, 0.02339960851914989;
 0.007434081390483378, 0.9999720501657172, -0.0007958148366189913;
 -0.02339305478878653, 0.0009695296552847364, 0.9997258749276702]

Current projection matrix:
[0.9999465811558106, -0.003273916335601923, 0.009803892422586141, 0.6184190567861785;
 0.003309981368413539, 0.9999878069946582, -0.003664680798553949, -0.7336966124605566;
 -0.009791775025342286, 0.003696935736798246, 0.9999452254038774, 0.2815087051364441]

