4
prev features extracted: 206
curr features extracted: 254
changed feat extracted: 185
Tracked points: 185
Homogeneous 3D points: 185
3D points: 185

New world camera pose: [-0.06794845662912131, -0.997481350957609, -0.02034604957978581]

New world camera rotation: [0.9999999821010578, -0.0001161229144393677, 0.0001493765490869746;
 0.0001163810093431361, 0.999998498562603, -0.001728967321822508;
 -0.0001491755520833754, 0.001728984675469419, 0.9999984941781893]

Current projection matrix:
[0.9999999821010578, -0.0001161229144393677, 0.0001493765490869746, -0.06806150816616247;
 0.0001163810093431361, 0.999998498562603, -0.001728967321822508, -0.9975071409369207;
 -0.0001491755520833754, 0.001728984675469419, 0.9999984941781893, -0.01863155618829455]

3
prev features extracted: 254
curr features extracted: 273
changed feat extracted: 233
Tracked points: 233
Homogeneous 3D points: 233
3D points: 233

New world camera pose: [-0.06806202040890696, 0.002517142956952045, -0.01861420897607176]

New world camera rotation: [0.9999999821054368, -0.0001160887909686433, 0.0001493737557111817;
 0.0001163468959412044, 0.9999984983944755, -0.00172906685624274;
 -0.0001491728061303643, 0.001729084204474595, 0.9999984940065098]

Current projection matrix:
[0.9999999999999992, 3.410860325246981e-08, -2.804934048774205e-09, 2.524599436776604e-06;
 -3.410860351041252e-08, 0.9999999999999943, -9.953424324373996e-08, 0.9999999999930133;
 2.804930487471205e-09, 9.953424323574989e-08, 0.9999999999999952, 2.75678000481031e-06]

3
prev features extracted: 273
curr features extracted: 283
changed feat extracted: 249
Tracked points: 249
Homogeneous 3D points: 249
3D points: 249

New world camera pose: [-0.1142847587107109, 0.9988356720053546, -0.09081425841310131]

New world camera rotation: [0.9999999821054371, -0.0001160887911376645, 0.0001493737554604358;
 0.0001163468961090731, 0.9999984983944729, -0.001729066857704431;
 -0.0001491728058791083, 0.00172908420593692, 0.9999984940065072]

Current projection matrix:
[1, -1.692396223162973e-13, -2.509156077357133e-13, -0.04609604862231736;
 1.683028716392698e-13, 0.9999999999999999, -1.46166412307025e-12, 0.9961975589476565;
 2.509654810356476e-13, 1.462302501309409e-12, 0.9999999999999999, -0.07392954651652778]

3
prev features extracted: 283
curr features extracted: 512
changed feat extracted: 188
Tracked points: 188
Homogeneous 3D points: 188
3D points: 188

New world camera pose: [-0.4793346066741571, 0.9049929321151636, -1.017060526244592]

New world camera rotation: [0.999999997420212, -4.784070203055917e-05, 5.358025608128655e-05;
 4.79899269551183e-05, 0.9999961108542083, -0.002788543244084524;
 -5.344664183394422e-05, 0.002788545808203888, 0.999996110570302]

Current projection matrix:
[0.999999993081913, 6.808976724300558e-05, -9.591640891015718e-05, -0.3650048457754012;
 -6.81913496882805e-05, 0.9999994364388057, -0.001059467796074853, -0.09640779082861715;
 9.584421593966663e-05, 0.001059474329414806, 0.9999994341638557, -0.9260005401877588]

3
prev features extracted: 512
curr features extracted: 1214
changed feat extracted: 479
Tracked points: 479
Current projection matrix:
[1, -9.71445146547012e-17, 8.326672684688674e-16, -0.6360902454476132;
 8.569533971325427e-16, 1, 6.904199434387692e-16, -0.03563920045111733;
 -6.106226635438361e-16, -3.816391647148976e-17, 1, -0.7707911825115805]

3
prev features extracted: 512
curr features extracted: 893
changed feat extracted: 389
Tracked points: 389
Homogeneous 3D points: 389
3D points: 389

New world camera pose: [0.5186758125516279, 0.8792955088889586, -0.9594858307933181]

New world camera rotation: [0.9999995254519297, 1.134319248211887e-05, 0.0009741494997827282;
 -9.562821186340482e-06, 0.9999983298896289, -0.001827601298064774;
 -0.0009741686036793808, 0.001827591115163373, 0.999997855450824]

Current projection matrix:
[0.9999995744792637, 5.923536065264093e-05, 0.0009206152636023618, 0.997954103901054;
 -6.011997709836139e-05, 0.9999995365292103, 0.0009608990337768057, -0.02558083668252177;
 -0.0009205579177232678, -0.0009609539722628014, 0.9999991145698996, 0.05859374797422094]

3
prev features extracted: 893
curr features extracted: 825
changed feat extracted: 887
Tracked points: 887
Current projection matrix:
[-0.3333333333333335, -0.666666666666667, 0.6666666666666664, 0.5773502691896257;
 -0.6666666666666669, -0.3333333333333329, -0.666666666666667, -0.5773502691896262;
 0.6666666666666663, -0.6666666666666665, -0.3333333333333337, 0.5773502691896254]

3
prev features extracted: 893
curr features extracted: 802
changed feat extracted: 889
Tracked points: 889
Homogeneous 3D points: 889
3D points: 889

New world camera pose: [1.096581684241495, 0.3008855167392102, -0.3837543964876148]

New world camera rotation: [0.9999995254519296, 1.134319248217438e-05, 0.0009741494997827282;
 -9.562821186396297e-06, 0.9999983298896289, -0.001827601298064607;
 -0.0009741686036792142, 0.001827591115163373, 0.999997855450824]

Current projection matrix:
[0.9999999999999999, 5.551115123125783e-17, 0, 0.5773502691896258;
 -5.551115123125783e-17, 1, 1.665334536937735e-16, -0.5773502691896257;
 1.665334536937735e-16, 0, 1, 0.5773502691896257]

3
prev features extracted: 802
curr features extracted: 755
changed feat extracted: 802
Tracked points: 802
Current projection matrix:
[1, -1.110223024625157e-16, 1.665334536937735e-16, 0.5773502691896258;
 -5.551115123125783e-17, 1, -5.551115123125783e-17, -0.5773502691896258;
 -1.665334536937735e-16, 1.110223024625157e-16, 0.9999999999999998, 0.5773502691896256]

3
prev features extracted: 802
curr features extracted: 725
changed feat extracted: 762
Tracked points: 762
Homogeneous 3D points: 762
3D points: 762

New world camera pose: [1.287790541129734, 0.3765031387194138, -1.36238668100185]

New world camera rotation: [0.9999995220343822, -0.0005752866857318895, 0.0007905543859863132;
 0.0005767523750361764, 0.9999981131153767, -0.001855026248748812;
 -0.0007894857223994017, 0.001855481316230766, 0.9999979669486226]

Current projection matrix:
[0.9999998110633622, -0.0005866567675152437, -0.0001835948730294634, 0.1920249943561532;
 0.0005866517417656668, 0.999999827543738, -2.742678366383922e-05, 0.07369164546953849;
 0.0001836109314753975, 2.731907222996988e-05, 0.9999999827703467, -0.9786194065777108]

3
prev features extracted: 725
curr features extracted: 750
changed feat extracted: 700
Tracked points: 700
Current projection matrix:
[1, 5.617728504603292e-14, 5.08759701034478e-14, -0.3015783047315548;
 -5.601075159233915e-14, 0.9999999999999994, -7.027711745877241e-14, 0.486114347346437;
 -5.109801470837283e-14, 6.966649479522857e-14, 1, 0.8202093436551359]

3
prev features extracted: 725
curr features extracted: 756
changed feat extracted: 681
Tracked points: 681
Current projection matrix:
[-0.99800469216286, -0.002002598808472706, -0.06310803450374121, 0.03159180423959169;
 -0.002043235949401587, -0.9979490906201254, 0.06397997903501906, -0.03202018276874184;
 -0.06310673187361363, 0.06398126388622463, 0.9959537831966668, -0.9989878206466501]

3
prev features extracted: 725
curr features extracted: 724
changed feat extracted: 692
Tracked points: 692
Homogeneous 3D points: 692
3D points: 692

New world camera pose: [2.097936862563845, 0.02169319356954025, -1.829048057901121]

New world camera rotation: [0.9999990962290081, -0.00129181309463505, -0.0003725051630198913;
 0.001291625622787753, 0.999999039308785, -0.0005030752998421027;
 0.0003731546844169621, 0.0005025937079649715, 0.9999998040775537]

Current projection matrix:
[0.9999990686116713, -0.0007154574467931885, -0.001162280702570073, 0.8095131707521631;
 0.0007170294013807421, 0.9999988281420836, 0.001352620899362916, -0.356090702985454;
 0.00116131159784727, -0.001353453028984097, 0.9999984097588712, -0.4667845730378249]

3
prev features extracted: 724
curr features extracted: 503
changed feat extracted: 640
Tracked points: 640
Current projection matrix:
[1, -8.423817199343375e-14, -3.68816088780477e-13, -0.4654970197525604;
 8.468226120328382e-14, 1, 1.603162047558726e-13, -0.302179063135773;
 3.680389326632394e-13, -1.604272270583351e-13, 0.9999999999999991, 0.8318655771240151]

3
prev features extracted: 724
curr features extracted: 421
