4
prev features extracted: 206
curr features extracted: 254
changed feat extracted: 185
Tracked points: 185
3D points: 185

New world camera pose: [-0.06794845662912131, -0.997481350957609, -0.02034604957978581]

Current projection matrix:
[0.9999999821010578, -0.0001161229144393677, 0.0001493765490869746, -0.06806150816616247;
 0.0001163810093431361, 0.999998498562603, -0.001728967321822508, -0.9975071409369207;
 -0.0001491755520833754, 0.001728984675469419, 0.9999984941781893, -0.01863155618829455]

3
prev features extracted: 254
curr features extracted: 273
changed feat extracted: 233
Tracked points: 233
3D points: 233

New world camera pose: [-0.06794589792108902, 0.002518649035037956, -0.02034319326553068]

Current projection matrix:
[0.9999999999999992, 3.410860325246981e-08, -2.804934048774205e-09, 2.524599436776604e-06;
 -3.410860351041252e-08, 0.9999999999999943, -9.953424324373996e-08, 0.9999999999930133;
 2.804930487471205e-09, 9.953424323574989e-08, 0.9999999999999952, 2.75678000481031e-06]

3
prev features extracted: 273
curr features extracted: 283
changed feat extracted: 249
Tracked points: 249
3D points: 249

New world camera pose: [-0.1140419465435564, 0.9987162079827946, -0.09427273978061326]

Current projection matrix:
[1, -1.692396223162973e-13, -2.509156077357133e-13, -0.04609604862231736;
 1.683028716392698e-13, 0.9999999999999999, -1.46166412307025e-12, 0.9961975589476565;
 2.509654810356476e-13, 1.462302501309409e-12, 0.9999999999999999, -0.07392954651652778]

3
prev features extracted: 283
curr features extracted: 512
changed feat extracted: 188
Tracked points: 188
3D points: 188

New world camera pose: [-0.4789645355313966, 0.9033144294104202, -1.020409881186593]

Current projection matrix:
[0.999999993081913, 6.808976724300558e-05, -9.591640891015718e-05, -0.3650048457754012;
 -6.81913496882805e-05, 0.9999994364388057, -0.001059467796074853, -0.09640779082861715;
 9.584421593966663e-05, 0.001059474329414806, 0.9999994341638557, -0.9260005401877588]

3
prev features extracted: 512
curr features extracted: 1214
changed feat extracted: 479
Tracked points: 479
Current projection matrix:
[1, -9.71445146547012e-17, 8.326672684688674e-16, -0.6360902454476132;
 8.569533971325427e-16, 1, 6.904199434387692e-16, -0.03563920045111733;
 -6.106226635438361e-16, -3.816391647148976e-17, 1, -0.7707911825115805]

3
prev features extracted: 512
curr features extracted: 893
changed feat extracted: 389
Tracked points: 389
3D points: 389

New world camera pose: [0.5190415707281423, 0.877729910281811, -0.9627102776382868]

Current projection matrix:
[0.9999995744792637, 5.923536065264093e-05, 0.0009206152636023618, 0.997954103901054;
 -6.011997709836139e-05, 0.9999995365292103, 0.0009608990337768057, -0.02558083668252177;
 -0.0009205579177232678, -0.0009609539722628014, 0.9999991145698996, 0.05859374797422094]

3
prev features extracted: 893
curr features extracted: 825
changed feat extracted: 887
Tracked points: 887
Current projection matrix:
[-0.3333333333333335, -0.666666666666667, 0.6666666666666664, 0.5773502691896257;
 -0.6666666666666669, -0.3333333333333329, -0.666666666666667, -0.5773502691896262;
 0.6666666666666663, -0.6666666666666665, -0.3333333333333337, 0.5773502691896254]

3
prev features extracted: 893
curr features extracted: 802
changed feat extracted: 889
Tracked points: 889
3D points: 889

New world camera pose: [1.096391839917768, 0.3003796410921854, -0.3853600084486609]

Current projection matrix:
[0.9999999999999999, 5.551115123125783e-17, 0, 0.5773502691896258;
 -5.551115123125783e-17, 1, 1.665334536937735e-16, -0.5773502691896257;
 1.665334536937735e-16, 0, 1, 0.5773502691896257]

3
prev features extracted: 802
curr features extracted: 755
changed feat extracted: 802
Tracked points: 802
Current projection matrix:
[1, -1.110223024625157e-16, 1.665334536937735e-16, 0.5773502691896258;
 -5.551115123125783e-17, 1, -5.551115123125783e-17, -0.5773502691896258;
 -1.665334536937735e-16, 1.110223024625157e-16, 0.9999999999999998, 0.5773502691896256]

3
prev features extracted: 802
curr features extracted: 725
changed feat extracted: 762
Tracked points: 762
3D points: 762

New world camera pose: [1.288553235796535, 0.3742107660332932, -1.363942127089633]

Current projection matrix:
[0.9999998110633622, -0.0005866567675152437, -0.0001835948730294634, 0.1920249943561532;
 0.0005866517417656668, 0.999999827543738, -2.742678366383922e-05, 0.07369164546953849;
 0.0001836109314753975, 2.731907222996988e-05, 0.9999999827703467, -0.9786194065777108]

3
prev features extracted: 725
curr features extracted: 750
changed feat extracted: 700
Tracked points: 700
Current projection matrix:
[1, 5.617728504603292e-14, 5.08759701034478e-14, -0.3015783047315548;
 -5.601075159233915e-14, 0.9999999999999994, -7.027711745877241e-14, 0.486114347346437;
 -5.109801470837283e-14, 6.966649479522857e-14, 1, 0.8202093436551359]

3
prev features extracted: 725
curr features extracted: 756
changed feat extracted: 681
Tracked points: 681
Current projection matrix:
[-0.99800469216286, -0.002002598808472706, -0.06310803450374121, 0.03159180423959169;
 -0.002043235949401587, -0.9979490906201254, 0.06397997903501906, -0.03202018276874184;
 -0.06310673187361363, 0.06398126388622463, 0.9959537831966668, -0.9989878206466501]

3
prev features extracted: 725
curr features extracted: 724
changed feat extracted: 692
Tracked points: 692
3D points: 692

New world camera pose: [2.098862955024263, 0.01806954251079151, -1.829303908753078]

Current projection matrix:
[0.9999990686116713, -0.0007154574467931885, -0.001162280702570073, 0.8095131707521631;
 0.0007170294013807421, 0.9999988281420836, 0.001352620899362916, -0.356090702985454;
 0.00116131159784727, -0.001353453028984097, 0.9999984097588712, -0.4667845730378249]

3
prev features extracted: 724
curr features extracted: 503
changed feat extracted: 640
Tracked points: 640
Current projection matrix:
[1, -8.423817199343375e-14, -3.68816088780477e-13, -0.4654970197525604;
 8.468226120328382e-14, 1, 1.603162047558726e-13, -0.302179063135773;
 3.680389326632394e-13, -1.604272270583351e-13, 0.9999999999999991, 0.8318655771240151]

3
prev features extracted: 724
curr features extracted: 421
changed feat extracted: 655
Tracked points: 655
3D points: 655

New world camera pose: [2.293469767876802, 0.05111103782438417, -2.809628573330492]

Current projection matrix:
[0.999999543080676, 3.851889984178482e-05, -0.0009551726201256217, 0.1936690786087718;
 -3.947496449644133e-05, 0.9999994982850525, -0.001000935247911471, 0.03206769675015027;
 0.0009551335859767363, 0.001000972495970087, 0.9999990428864896, -0.9805426817920624]

3
prev features extracted: 421
curr features extracted: 432
changed feat extracted: 157
Tracked points: 157
3D points: 157

New world camera pose: [1.8194894452166, 0.09146631772986547, -3.689238773995924]

Current projection matrix:
[0.9999952348723143, 0.002375725499381365, -0.001971334831237181, -0.4758083001348464;
 -0.002375375566617523, 0.999997162621494, 0.0001798329201077517, 0.03938318146468655;
 0.001971756471468133, -0.0001751494025891698, 0.9999980407476327, -0.8786668461598558]

3
prev features extracted: 432
curr features extracted: 331
changed feat extracted: 184
Tracked points: 184
3D points: 184

New world camera pose: [2.378273928015732, 0.2781870241849297, -4.49725812992982]

Current projection matrix:
[0.9999858286939145, 0.001324328303957262, -0.005156410174582349, 0.5543628088212931;
 -0.001324495120728533, 0.9999991224372884, -2.893662871980562e-05, 0.1874316571961526;
 0.005156367327912692, 3.576585876616245e-05, 0.9999867052100155, -0.810895338546517]

3
prev features extracted: 331
curr features extracted: 289
changed feat extracted: 289
Tracked points: 289
3D points: 289

New world camera pose: [2.582350478359052, 0.004825041042561706, -3.557244306748245]

Current projection matrix:
[0.9999943381461421, 0.002986236651231745, 0.001551149999817009, 0.2034366485390911;
 -0.002987691003462821, 0.9999950986726508, 0.0009361266705008031, -0.2736355458193054;
 -0.001548346901349446, -0.0009407557271878253, 0.9999983587989205, 0.9400729323277812]

3
prev features extracted: 289
curr features extracted: 328
changed feat extracted: 289
Tracked points: 289
Current projection matrix:
[0.9999999999999998, -1.110223024625157e-16, -5.551115123125783e-17, 0.5773502691896257;
 0, 1, 5.551115123125783e-17, -0.5773502691896258;
 1.110223024625157e-16, -1.665334536937735e-16, 1, 0.577350269189626]

3
prev features extracted: 289
curr features extracted: 635
changed feat extracted: 231
Tracked points: 231
3D points: 231

New world camera pose: [2.550170482925234, -0.2606390354948295, -2.593660749415499]

Current projection matrix:
[0.9999999999982526, 1.869405531127605e-06, 3.990370575635005e-09, -0.03217950301906975;
 -1.869405530652291e-06, 0.999999999998242, -1.471131239605405e-07, -0.2654639949386058;
 -3.990645574408758e-09, 1.471131165775574e-07, 0.9999999999999893, 0.9635835962575752]

3
prev features extracted: 635
curr features extracted: 486
changed feat extracted: 570
Tracked points: 570
3D points: 570

New world camera pose: [2.550170475282946, -1.260639035494829, -2.593660724280954]

Current projection matrix:
[1, -3.679654799719665e-11, -3.657987969246969e-11, -7.67908435445117e-09;
 3.679654799014907e-11, 1, -1.924497595286703e-10, -0.9999999999999997;
 3.657982137333145e-11, 1.924497595273071e-10, 0.9999999999999998, 2.532699497611596e-08]

3
prev features extracted: 486
curr features extracted: 329
changed feat extracted: 392
Tracked points: 392
Current projection matrix:
[-0.9998781750003987, 2.229818509081068e-05, -0.0156088007438913, -0.007804646039451527;
 2.229818489938311e-05, -0.9999959186615578, -0.002856949950163234, -0.001428519940737281;
 -0.01560880074389156, -0.002856949950161731, 0.9998740936619569, 0.9999685229200856]

3
prev features extracted: 486
curr features extracted: 429
changed feat extracted: 247
Tracked points: 247
3D points: 247

New world camera pose: [2.535594648629556, -1.284481894005208, -1.594051268855775]

Current projection matrix:
[0.9999992705232305, -0.0005570340110370329, 0.001071758422558935, -0.01566225318605021;
 0.0005533542398063562, 0.9999939622540133, 0.003430634723414813, -0.02726329489766505;
 -0.001073662931774199, -0.003430039158779236, 0.9999935410187798, 0.9995055810631869]

3
prev features extracted: 429
curr features extracted: 280
changed feat extracted: 405
Tracked points: 405
3D points: 405

New world camera pose: [2.324875398701826, -1.535989284618729, -0.6494130152493091]

Current projection matrix:
[0.9999985335581384, -0.001710214036579158, 8.971912894614742e-05, -0.2112335968692367;
 0.001710226840066019, 0.9999985273616134, -0.0001428242284376158, -0.2510115832378511;
 -8.947473682191509e-05, 0.0001429774590562816, 0.9999999857758589, 0.9446552559712524]

3
prev features extracted: 280
curr features extracted: 299
changed feat extracted: 157
Tracked points: 157
3D points: 157

New world camera pose: [2.323211191298109, -1.48293600942405, -1.648003311819847]

Current projection matrix:
[0.9999972361284585, -0.002226647799414157, 0.0007548344331823192, -0.0007982954586884742;
 0.002228710425412062, 0.9999937548862086, -0.002742815783349437, 0.05031602788244655;
 -0.0007487224344271805, 0.002744490509929629, 0.9999959535850919, -0.9987330274214894]

3
prev features extracted: 299
curr features extracted: 276
changed feat extracted: 205
Tracked points: 205
3D points: 205

New world camera pose: [2.277783676307537, -1.619698509636704, -0.6584416111576974]

Current projection matrix:
[0.9999941511062217, 0.001290306300444473, 0.00316746949439263, -0.04838623502159774;
 -0.001288369859707743, 0.9999989819721976, -0.0006133169430589946, -0.1362181032608574;
 -0.003168257636536415, 0.0006092324836051988, 0.9999947954761214, 0.9894965389552656]

3
prev features extracted: 276
curr features extracted: 265
changed feat extracted: 235
Tracked points: 235
3D points: 235

New world camera pose: [2.029486261577325, -1.627409396069724, 0.3102115445532153]

Current projection matrix:
[0.999999603793025, 0.0002738910015630553, 0.0008469932183451379, -0.2491148273462164;
 -0.0002764323725626201, 0.9999954563746414, 0.00300180199478031, -0.01068678844516711;
 -0.0008461672033703571, -0.003002034941790514, 0.9999951358818061, 0.9684149912867895]

3
prev features extracted: 265
curr features extracted: 206
changed feat extracted: 170
Tracked points: 170
3D points: 170

New world camera pose: [1.974345239576304, -1.676106012654791, 1.307501927152912]

Current projection matrix:
[0.9999752490293276, -0.004969342249265222, 0.00498065922783119, -0.06035171370920721;
 0.004966272824370076, 0.9999874705156403, 0.000628447265515919, -0.04902405244327397;
 -0.004983719792287233, -0.0006036963982654076, 0.9999873989644523, 0.9969725738125402]

3
prev features extracted: 206
curr features extracted: 215
changed feat extracted: 114
Tracked points: 114
3D points: 114

New world camera pose: [1.958545574589033, -1.383105329501634, 2.263483605982623]

Current projection matrix:
[0.9999925475775722, -0.001151461193656829, 0.003684959489070785, -0.01898719970041947;
 0.001147608490264324, 0.9999987929052297, 0.001047464957076638, 0.2920212150711497;
 -0.003686161156225214, -0.001043228260129703, 0.9999926619184402, 0.9562233505807656]

3
prev features extracted: 215
curr features extracted: 201
changed feat extracted: 113
Tracked points: 113
3D points: 113

New world camera pose: [2.466126142574237, -1.902067733932699, 2.951262632844408]

Current projection matrix:
[0.9999826054540271, -0.0005985515887659831, 0.005867753008688692, 0.503221797923142;
 0.0006065762837023647, 0.9999988831792975, -0.001365908258294468, -0.5183237633165202;
 -0.005866928888902445, 0.001369443738754528, 0.9999818517199495, 0.6914537572942968]

3
prev features extracted: 201
curr features extracted: 253
changed feat extracted: 51
Tracked points: 51
3D points: 51

New world camera pose: [3.089674106515267, -2.634740084417047, 3.223988068953216]

Current projection matrix:
[0.9999465811558106, -0.003273916335601923, 0.009803892422586141, 0.6184190567861785;
 0.003309981368413539, 0.9999878069946582, -0.003664680798553949, -0.7336966124605566;
 -0.009791775025342286, 0.003696935736798246, 0.9999452254038774, 0.2815087051364441]

3
prev features extracted: 253
curr features extracted: 228
changed feat extracted: 166
Tracked points: 166
3D points: 166

New world camera pose: [3.182934673224641, -2.848903130198669, 4.196323739654741]

Current projection matrix:
[0.9999864313101785, -0.002145129827002209, 0.004747169004691562, 0.08818379869107164;
 0.00214400441787381, 0.999997672302514, 0.000242145844130931, -0.214588150760102;
 -0.004747677388990942, -0.0002319646072106718, 0.9999887028121024, 0.9727155510228941]

3
prev features extracted: 228
curr features extracted: 203
changed feat extracted: 157
Tracked points: 157
3D points: 157

New world camera pose: [4.124019460917746, -3.106233459947677, 4.415733228428335]

Current projection matrix:
[0.9999955931184805, -0.0002407991582486224, 0.002959013244929865, 0.9403700312402467;
 0.0002383309313065685, 0.9999996234350068, 0.0008344628284350508, -0.2577397787949453;
 -0.002959213068615713, -0.0008337539266737998, 0.9999952739450343, 0.2219784015888712]

3
prev features extracted: 203
curr features extracted: 197
changed feat extracted: 70
Tracked points: 70
3D points: 70

New world camera pose: [4.684542880161157, -3.4219042852108, 5.181347639576254]

Current projection matrix:
[0.9999748039146126, -0.00235794874114531, 0.006695641393195451, 0.554638690602877;
 0.002357742008067126, 0.9999972197709291, 3.87689982690731e-05, -0.3170092280279905;
 -0.006695714193089286, -2.298142645831835e-05, 0.9999775831903926, 0.7693380740814948]

3
prev features extracted: 197
curr features extracted: 202
changed feat extracted: 78
Tracked points: 78
3D points: 78

New world camera pose: [5.684542880161157, -3.421904285167878, 5.181347639238821]

Current projection matrix:
[1, 3.894560181722347e-13, -4.406138508791422e-12, 1;
 -3.894560181816503e-13, 0.9999999999999998, -2.146505210806624e-12, 4.331132165652692e-11;
 4.406138508790647e-12, 2.146449669720404e-12, 1, -3.418392726633823e-10]

3
prev features extracted: 202
curr features extracted: 156
changed feat extracted: 46
Tracked points: 46
3D points: 46

New world camera pose: [5.860694418826402, -3.708224825548291, 6.123149732877466]

Current projection matrix:
[0.9999233921079189, -0.003632022258684982, 0.01183293411228811, 0.163953838707992;
 0.003631781097257633, 0.9999934041847887, 4.186859903732021e-05, -0.2869573934926561;
 -0.01183300813212496, 1.109234861851327e-06, 0.9999299875077829, 0.9438085574377968]

3
prev features extracted: 156
curr features extracted: 214
changed feat extracted: 64
Tracked points: 64
3D points: 64

New world camera pose: [6.359498537125174, -3.808552971486111, 6.984038061698843]

Current projection matrix:
[0.9999822341583058, -0.0006473290649176219, 0.005925566035800744, 0.4936290609773565;
 0.0006472780965550498, 0.9999997904601841, 1.051919108434329e-05, -0.1006567690786967;
 -0.005925571603537128, -6.683515098152015e-06, 0.999982443624138, 0.8638278561132717]

3
prev features extracted: 214
curr features extracted: 286
changed feat extracted: 114
Tracked points: 114
3D points: 114

New world camera pose: [5.390320807826602, -3.577336377358877, 7.069087551008688]

Current projection matrix:
[0.9999999582336366, 0.0001256592452684724, -0.0002602738535760069, -0.969184515025077;
 -0.0001253207608482576, 0.9999991470148254, 0.001300101660775536, 0.2309840405573507;
 0.000260437001359165, -0.001300068988757497, 0.9999991209962099, 0.08560227125144873]

3
prev features extracted: 286
curr features extracted: 283
changed feat extracted: 270
Tracked points: 270
3D points: 270

New world camera pose: [5.49686884683868, -3.592491865647802, 8.063279598129064]

Current projection matrix:
[0.9999989130182703, -0.001039040101213867, 0.00104611564646738, 0.1054917000043977;
 0.001038591309375357, 0.9999993684460105, 0.0004294597444811765, -0.01569207122471653;
 -0.001046561211685199, -0.0004283727910472518, 0.9999993606029868, 0.9942963643355339]

3
prev features extracted: 283
curr features extracted: 511
changed feat extracted: 262
Tracked points: 262
3D points: 262

New world camera pose: [4.514880499550869, -3.43203239674563, 8.163037528292971]

Current projection matrix:
[0.9999998251003896, -8.951021409148163e-05, 0.0005846256168079017, -0.9820322255461095;
 8.898810732768658e-05, 0.9999995972921399, 0.0008930266930103521, 0.1604582209820682;
 -0.0005847053163850341, -0.0008929745120931608, 0.9999994303579447, 0.09932707238323876]

3
prev features extracted: 511
curr features extracted: 686
changed feat extracted: 511
Tracked points: 511
Current projection matrix:
[1, -1.665334536937735e-16, 0, 0.5773502691896258;
 5.551115123125783e-17, 0.9999999999999999, 1.110223024625157e-16, -0.5773502691896257;
 -1.110223024625157e-16, 5.551115123125783e-17, 0.9999999999999999, 0.5773502691896256]

3
prev features extracted: 511
curr features extracted: 827
