<?xml version="1.0"?>
<opencv_storage>
<K type_id="opencv-matrix">
  <rows>3</rows>
  <cols>3</cols>
  <dt>d</dt>
  <data>
    1.0747192620416563e+03 0. 6.5640320598137157e+02 0.
    1.0982825421265247e+03 5.1379933189021403e+02 0. 0. 1.</data></K>
</opencv_storage>
