<?xml version="1.0"?>
<opencv_storage>
  <K type_id="opencv-matrix">
    <rows>3</rows>
    <cols>3</cols>
    <dt>d</dt>
    <data>
      1.7411430774744153e+03 0. 5.3536477075124958e+02 0.
      1.7446254445592056e+03 9.1350571910930466e+02 0. 0. 1.</data></K>
  <!-- resumed -->

  <DC type_id="opencv-matrix">
    <rows>1</rows>
    <cols>5</cols>
    <dt>d</dt>
    <data>
      1.1645436686824261e-01 -1.1857761391418424e+00
      -9.1134981880990618e-03 -6.3428226824734542e-03
      8.5452257392001574e+00</data></DC>
  <!-- resumed -->

  <R type_id="opencv-matrix">
    <rows>14</rows>
    <cols>1</cols>
    <dt>"3d"</dt>
    <data>
      -3.6540597863641333e-01 -1.7842234938324258e-01
      1.4768477409648806e+00 -7.0322878194336233e-02
      -2.9086572071724937e-01 -3.6551748296181762e-02
      -9.2933311964268156e-02 -5.5388373045565720e-01
      -6.2588119557757758e-03 -4.8232694690649183e-02
      -6.4886048177198041e-01 8.1583800891490039e-03
      -3.9606811815285567e-02 -1.5922257818420979e-01
      1.4859481605405778e+00 -1.4338307194346048e-01
      1.1800809389267951e-01 1.5325505575933698e+00
      -2.9273234588777680e-01 -6.5375410381482660e-02
      1.5217555562088918e+00 -1.8144394066037206e-01
      4.0842039601447180e-02 1.5485406451979957e+00 1.2501785783136207e-01
      1.7536503875742204e-01 3.1254835886792347e+00 4.8580858541514824e-02
      1.7960018365876332e-01 1.5560359267571933e+00 1.8146355254652727e-01
      3.1143499561282711e-01 1.5354030322947427e+00 2.5226005155907072e-01
      3.7331392156029680e-01 1.5059190080249281e+00 2.2517868376450972e-01
      -1.4484799116706251e-01 3.1267982702466410e+00
      -1.0851919909961409e-01 2.1461016919259648e-01
      1.5642769185531826e+00</data></R>
  <!-- resumed -->

  <T type_id="opencv-matrix">
    <rows>14</rows>
    <cols>1</cols>
    <dt>"3d"</dt>
    <data>
      1.4118244280514034e+02 3.5299672671180957e+01 7.3007519576854179e+02
      -3.5372516270373083e+01 -5.5215601975155124e+01
      5.9960199871682528e+02 -1.2478650136898388e+01
      -4.1325468267703954e+01 5.7011192362217378e+02
      -7.0698237025031831e+00 -6.8384868981789154e+01
      5.6532212513849493e+02 6.9984653410606825e+01
      -4.8025341659104527e+01 5.8548128294449759e+02
      5.7461851290704601e+01 -3.9044144174997911e+01
      6.0133910392384610e+02 1.1325058765259794e+02 3.5300594817826585e+01
      7.2576415405687806e+02 8.5062836541527602e+01 3.3008128587224803e+01
      7.0642427678754996e+02 5.1980108396115952e+01 1.5490533855883990e+02
      6.7828096992915721e+02 -8.9259840810945388e+00
      -8.0057684146704435e+00 6.6700335164193552e+02
      -1.4002383440136798e+01 -6.5845529217787009e+00
      6.5268759827019528e+02 -9.6487917147949602e+00
      -2.4838890649676884e+01 6.3871944022872731e+02
      6.2252323692827758e+01 1.2728492174130470e+02 6.9029267824318345e+02
      6.6051981259860327e+01 -7.6924502819033648e+01
      6.4046575449704528e+02</data></T>
</opencv_storage>
