<?xml version="1.0"?>
<opencv_storage>
  <K type_id="opencv-matrix">
    <rows>3</rows>
    <cols>3</cols>
    <dt>d</dt>
    <data>
      3.2486372860087149e+03 0. 1.4292500546639210e+03 0.
      3.2594021520522265e+03 2.0502916364923785e+03 0. 0. 1.</data></K>
  <!-- resumed -->

  <DC type_id="opencv-matrix">
    <rows>1</rows>
    <cols>5</cols>
    <dt>d</dt>
    <data>
      2.2147779176632124e-01 -2.1727295169396386e+00
      1.0978160560425956e-02 -6.9617338109435305e-03
      3.9270042012650883e+00</data></DC>
  <!-- resumed -->

  <R type_id="opencv-matrix">
    <rows>22</rows>
    <cols>1</cols>
    <dt>"3d"</dt>
    <data>
      -5.9145735463429716e-01 3.8692294472696243e-01
      1.3125070927999758e+00 1.6961541123515847e-01 1.1715698219792519e+00
      1.5746806447401711e+00 7.8809446086106461e-01 4.6013960678942184e-01
      8.9221126104041107e-02 3.9499476982975579e-01 7.8202543377442091e-01
      1.9910513451968281e-01 2.4397190926950443e-01 1.3553898778629330e+00
      1.3402456092638531e+00 3.2341404963203146e-01 6.4649285250169530e-01
      1.5292149521043217e+00 3.5709989918546631e-01 7.6726409431443071e-02
      3.1365647269369003e-02 1.2540547588419840e-01 2.6273242605687958e-01
      1.1878583600749562e-01 -3.3492274221721341e-01
      -5.2846085796717068e-01 1.4116879220815965e+00
      1.4522143650144809e-01 -6.4853526312402721e-01
      8.0876366061765195e-02 -1.6028565609453760e-02
      -7.1887960102316972e-01 4.3846986048658831e-01
      -2.4524590310392916e-01 -1.3152531254561273e-01
      -7.1392290407937750e-03 1.1458488857386218e-01
      5.3671255905995037e-02 1.1403860500187879e+00
      -3.8443478142758986e-01 2.2628812036110238e-01
      7.5918933840420855e-01 2.8070994967920443e-01
      -6.4686601225102980e-01 7.2331116362370584e-01
      -5.4296364303283651e-01 1.0204049846363799e+00
      1.9290090436903380e+00 -1.9732809360496667e-01
      1.0681370146860139e+00 9.6242147032993863e-01 7.2755837437403958e-01
      1.0819638603203030e+00 1.2824213644888540e+00 6.3696651789195724e-01
      1.3972705303645605e-01 1.3924756874691477e+00 1.0174189068061426e+00
      1.2325813746550724e+00 2.2002884453539115e+00
      -2.8159518604936640e-01 -1.0331963431058186e-01
      1.1213309124950601e+00 3.3102556535519845e-01 7.2189052789233443e-01
      1.5754930697403879e+00</data></R>
  <!-- resumed -->

  <T type_id="opencv-matrix">
    <rows>22</rows>
    <cols>1</cols>
    <dt>"3d"</dt>
    <data>
      5.7485997018627074e+01 -6.9606577546468714e+01
      3.9386452579644890e+02 6.4588870588939017e+01
      -6.3150893744567242e+01 2.9678794879764052e+02
      -3.7941016443506165e+01 -9.8157269003237147e+01
      4.7743434813619797e+02 -6.5081762466157542e+00
      -8.0180112295596459e+01 5.2152134673258013e+02
      1.1365524824298389e+02 -3.6037605996619618e+01
      3.6903429213037623e+02 9.0701549219820521e+01
      -2.2574470045476939e+01 3.8620987143078605e+02
      -6.9822561036225622e+01 -4.9615092602192881e+01
      4.2511900075009305e+02 -7.8045907118665880e+01
      -4.8171338073071723e+01 4.7515821840450155e+02
      7.8433379920353914e+01 -5.5611972869760017e+01
      4.5233668026387193e+02 -4.0919429652164858e+01
      -5.7209074107311750e+01 2.9896045497002063e+02
      -6.5016684187610165e+00 -8.3433013288320453e+01
      3.1226522038146589e+02 -5.6225425568998887e+01
      -7.6079467822579602e+01 3.6147315094860494e+02
      5.3594434312452137e+01 -4.0061595589252555e+01
      4.3686941133858915e+02 1.9007842494768596e+01
      -2.1618327910884696e+02 4.2322437078319280e+02
      9.8208071286109160e+00 -1.4658907676354625e+02
      4.0237450252171777e+02 1.0161976305494186e+02
      -1.6099738348302408e+00 3.7227455702589998e+02
      9.0501839117444973e+01 -1.4551509237301207e+02
      3.8369182508400019e+02 3.9035435005315392e+01
      -7.3976403254909272e+01 2.5941935336360609e+02
      3.5129788510406776e+01 -4.4733797407827289e+01
      2.6423186758637576e+02 1.1487941332970871e+02
      -8.7318695476087996e+01 2.5698148545436135e+02
      1.6094203122378619e+01 -7.3715402863269318e+01
      4.1774433682021174e+02 9.4904354922141977e+01
      -5.1654195028053337e+01 4.6448127917466502e+02</data></T>
</opencv_storage>
