<?xml version="1.0"?>
<opencv_storage>
  <K type_id="opencv-matrix">
    <rows>3</rows>
    <cols>3</cols>
    <dt>d</dt>
    <data>
      6.1789138671035823e+02 0. 3.4706372887959878e+02 0.
      6.1212068224201812e+02 2.8075221114541949e+02 0. 0. 1.</data></K>
</opencv_storage>
