<?xml version="1.0"?>
<opencv_storage>
<K type_id="opencv-matrix">
  <rows>3</rows>
  <cols>3</cols>
  <dt>d</dt>
  <data>
    1.2949718678656461e+03 0. 9.2233009689876823e+01 0.
    1.2806847400598976e+03 7.7538135125407700e+02 0. 0. 1.</data></K>
</opencv_storage>
