<?xml version="1.0"?>
<opencv_storage>
  <K type_id="opencv-matrix">
    <rows>3</rows>
    <cols>3</cols>
    <dt>d</dt>
    <data>
      2.0492577054051935e+03 0. 9.3298002918529278e+02 0.
      2.0465813876819989e+03 5.4016262426417552e+02 0. 0. 1.</data></K>
  <!-- resumed -->

  <DC type_id="opencv-matrix">
    <rows>1</rows>
    <cols>5</cols>
    <dt>d</dt>
    <data>
      -5.6421184227888543e-01 3.1027122324647038e+00
      -9.2210178842221675e-03 -4.6988014775237773e-03
      -1.1001932819314689e+01</data></DC>
  <!-- resumed -->

  <R type_id="opencv-matrix">
    <rows>12</rows>
    <cols>1</cols>
    <dt>"3d"</dt>
    <data>
      1.4251604093489884e-01 2.4745177436421115e-02 1.4048881313632551e-02
      2.9068472001963730e-01 8.4798426327623994e-02 1.4771684015822670e+00
      6.1759354182029946e-01 4.0152873339631096e-01 1.4881076837882969e+00
      -5.2745042249987684e-01 6.3071647343615381e-02
      -3.0731856256368633e+00 2.0585735340671540e-01
      -6.0057985600452363e-02 2.6584553440527257e-02
      1.8257588466693997e-01 -3.9509903329460039e-01
      6.3208101615985876e-02 -1.9075621061314257e-01
      -1.1586173811639691e-01 5.3123698615683848e-02
      -2.1018015367032697e-02 4.6002383462617780e-01
      1.3510715323040662e-01 9.2749206099000184e-02
      -1.7600660383891453e-01 -1.6338146248373868e-02
      -4.3910711790036460e-03 -2.9895521178194001e-01
      1.5016155342083670e+00 2.4529693055890819e-01
      -3.1193365258317096e-01 3.0936208637845706e+00
      9.6207108389772866e-02 -1.1141615529596346e-01
      4.1364126415559178e-02</data></R>
  <!-- resumed -->

  <T type_id="opencv-matrix">
    <rows>12</rows>
    <cols>1</cols>
    <dt>"3d"</dt>
    <data>
      -3.4712938165144742e+01 -7.6105592087242741e+01
      8.0161263429373525e+02 2.7731765915704813e+01
      -1.0723915250072226e+02 5.9278198064896901e+02
      -5.9556403071832662e+01 -7.8675302756694336e+01
      1.0355447884982946e+03 -5.2450750137324754e+01
      4.2016665964494770e+01 1.2022508641415584e+03 3.4179395100935288e+00
      -1.4479111386867711e+01 5.5181626713894627e+02
      2.7596824186547707e+01 -4.7373951973428788e+01
      5.7715841319415244e+02 -9.7689256948411810e+01
      8.9621025200532031e+01 1.2675569111708405e+03
      -3.3169334978413374e+01 7.3884103339930263e+01
      1.3626751375574618e+03 -2.0867822449932735e+01
      -8.9677185984486812e+01 9.1148676725236669e+02
      6.9242391240381451e+01 -7.9651006720787038e+01
      6.5614567928276779e+02 9.6229180197560609e+01 1.1764817868261594e+02
      8.0282687578514503e+02 6.6937621799782988e+01 2.7067069963541989e+01
      8.1529791303917364e+02</data></T>
</opencv_storage>
