<?xml version="1.0"?>
<opencv_storage>
<K type_id="opencv-matrix">
  <rows>3</rows>
  <cols>3</cols>
  <dt>d</dt>
  <data>
    2.9061407777757122e+03 0. 1.2354789999646814e+03 0.
    2.9011303078384067e+03 1.6609158276541168e+03 0. 0. 1.</data></K>
 <!-- resumed -->

<DC type_id="opencv-matrix">
  <rows>1</rows>
  <cols>5</cols>
  <dt>d</dt>
  <data>
    -1.0139854710033402e+00 5.1260525619854116e+00
    -7.4683764202670777e-03 -6.2023267383552105e-03
    -3.3986688467617732e+01</data></DC>
 <!-- resumed -->

<R type_id="opencv-matrix">
  <rows>11</rows>
  <cols>1</cols>
  <dt>"3d"</dt>
  <data>
    -1.2749896560809884e-01 5.0785056918719484e-02
    7.5238029107305305e-03 -8.9563008007956038e-02
    -9.7512812420382747e-02 9.9805919497425039e-02
    2.5825558942982631e-02 1.9238140402756213e-01 6.3695010238871266e-02
    -5.4195345564648889e-01 -2.4417263350880211e-01
    -2.9977650309814496e+00 -7.5005019788563920e-01
    -2.6843350345980965e-01 -2.9518147203277456e+00
    3.4820863840195226e-01 5.0872096097174413e-01 1.5929897912961819e+00
    -7.0410255195380744e-01 -1.0418348604837946e-01
    -2.9541448090413098e+00 -3.1109099628960490e-01
    -2.4699846979146728e-01 -3.0654440230800297e+00
    -1.2220827736007284e-01 -1.6582905799776010e-01
    -7.7430314852405414e-03 -1.1857779839363422e-01
    -3.4561044615306430e-01 1.7498843636097598e-02
    -1.2841650170793706e-01 -4.5103864979286395e-01
    7.5225503860860748e-03</data></R>
 <!-- resumed -->

<T type_id="opencv-matrix">
  <rows>11</rows>
  <cols>1</cols>
  <dt>"3d"</dt>
  <data>
    -7.0420173617087997e+01 -6.8034840923699662e+01
    4.6112832221632306e+02 8.1342848316191372e+00
    -8.6241474517958707e+01 5.2707926768962886e+02
    -6.3494893191364220e+01 -6.1359265950497779e+01
    5.3983517341398419e+02 2.5768216243958577e+01 8.6148107913523049e+01
    4.2847828787863665e+02 3.8638678873081358e+00 9.1570665152757130e+01
    4.1947791682186005e+02 2.2513249244202910e+01
    -7.8064077238692974e+01 5.1256336008054882e+02
    1.4986805488577637e+01 4.6534200838160380e+01 4.7153850294680467e+02
    4.1345986942132846e+01 5.8116691487437095e+01 4.2656707257007452e+02
    -4.2473393337583410e+01 -8.1305149161670286e+01
    4.5643032694237570e+02 -1.8444748545780762e+01
    -8.1603913089156308e+01 4.5063109091473370e+02
    -1.5014072107732348e+01 -6.8332012243051338e+01
    4.4962926053703717e+02</data></T>
</opencv_storage>
