<?xml version="1.0"?>
<opencv_storage>
<K type_id="opencv-matrix">
  <rows>3</rows>
  <cols>3</cols>
  <dt>d</dt>
  <data>
    9.9992969944180095e+02 0. 6.4853062795256506e+02 0.
    1.0012703721236142e+03 4.0770409482163262e+02 0. 0. 1.</data></K>
</opencv_storage>
