<?xml version="1.0"?>
<opencv_storage>
  <K type_id="opencv-matrix">
    <rows>3</rows>
    <cols>3</cols>
    <dt>d</dt>
    <data>
      9.9992969944180095e+02 0. 6.4853062795256506e+02 0.
      1.0012703721236142e+03 4.0770409482163262e+02 0. 0. 1.</data></K>
  <!-- resumed -->

  <DC type_id="opencv-matrix">
    <rows>1</rows>
    <cols>5</cols>
    <dt>d</dt>
    <data>
      1.8833588509931992e-01 -7.0249144047787548e-01
      5.3213303133449732e-03 7.1929882409924647e-03 1.0269755240102136e+00</data></DC>
  <!-- resumed -->

  <R type_id="opencv-matrix">
    <rows>10</rows>
    <cols>1</cols>
    <dt>"3d"</dt>
    <data>
      -1.2293658861360630e-01 6.9090202782937360e-01
      1.8396936050787982e-01 -1.1806703844718702e-01
      -5.8024332959977842e-01 -1.1929475659154405e-01
      -1.3005896408514137e-01 -1.8008014137307274e-01
      2.6370699000846789e-02 -7.8200320128413839e-02
      3.8700088016921169e-01 1.1216092044296290e-01
      -1.4339345780026430e-01 -8.2124969250074997e-01
      -1.4363434235631364e-01 -8.2739618579414739e-02
      2.7753768570483361e-01 9.8069777671044328e-02
      -8.4792863084829848e-02 2.7010083281432562e-01
      1.0006535751713889e-01 -7.6984306702754343e-02
      -4.5978114563178267e-03 1.7294964066390365e-02
      -2.1207711041024949e-01 1.8671942393581567e-02
      4.9807648790903006e-02 -1.6600794069405900e-03
      1.8090005644362726e-02 5.2493117145183045e-02</data></R>
  <!-- resumed -->

  <T type_id="opencv-matrix">
    <rows>10</rows>
    <cols>1</cols>
    <dt>"3d"</dt>
    <data>
      2.0049303284236448e+01 -6.7893195154017704e+01
      5.5931258656293664e+02 -1.7727124594417475e+02
      -5.8737535285307573e+01 4.3152100288693032e+02
      -1.2102979924420033e+02 -7.5057429117778426e+01
      5.8911060675934755e+02 -6.1171612837707102e+01
      -9.4793177145723490e+01 5.9244801944128676e+02
      -1.6186886741740824e+02 -4.8066146284861254e+01
      4.7572661582954021e+02 -1.1016304436151042e+02
      -9.3814038927853758e+01 5.1026589631210169e+02
      -9.8146325159392660e+01 -9.4001748176355562e+01
      5.0669848190555399e+02 -1.4334044592515224e+02
      -8.0342205391640064e+01 4.6191513397309512e+02
      -8.9513416900827394e+01 -2.9703109998208046e+01
      5.0685931882725981e+02 -8.6836747413261577e+01
      -1.2399451927059673e+02 4.4032497601421699e+02</data></T>
</opencv_storage>
