<?xml version="1.0"?>
<opencv_storage>
<K type_id="opencv-matrix">
  <rows>3</rows>
  <cols>3</cols>
  <dt>d</dt>
  <data>
    1.0292267055385335e+03 0. 6.8323074774664622e+02 0.
    1.0327830118270570e+03 4.9495894223556530e+02 0. 0. 1.</data></K>
 <!-- resumed -->

<DC type_id="opencv-matrix">
  <rows>1</rows>
  <cols>5</cols>
  <dt>d</dt>
  <data>
    3.2526103921760896e-01 -2.7737075382512066e+00
    6.8068156665620650e-03 1.7361848409731560e-02 4.6743713818750772e+00</data></DC>
 <!-- resumed -->

<R type_id="opencv-matrix">
  <rows>12</rows>
  <cols>1</cols>
  <dt>"3d"</dt>
  <data>
    -9.2068281087881912e-02 1.2801404978032044e-01
    3.1183228613047684e+00 -5.4201331177751910e-01
    8.0910997182356159e-01 2.5909341134602344e+00
    -7.0976838309456047e-01 1.7884619384441994e-01
    3.9102703013715384e-01 -3.9601169107188350e-01
    1.6590771904503529e-01 1.4313103591541645e+00
    -2.7796568842825103e-01 7.2057854312609126e-01
    1.5010920656595348e+00 -6.5046894486147100e-01
    -1.5877656353408304e-01 1.1330476769906980e-03
    -3.6081454379250516e-01 -1.7058166467131264e-01
    7.0828212049989459e-01 -9.5233398636618102e-02
    -9.5180214611859293e-01 -2.5357030682106901e-01
    -3.6812029992561718e-01 1.1949385692439436e+00
    2.3771143117024178e+00 -3.0226278650920219e-01
    4.5050668265606308e-01 2.1227278861332924e-01
    -8.2946646302203886e-01 -9.8778865584234529e-02
    -2.6572423623246414e-02 -3.9099166250730982e-01
    -7.0106651605662995e-01 -2.2416514398428608e-03</data></R>
 <!-- resumed -->

<T type_id="opencv-matrix">
  <rows>12</rows>
  <cols>1</cols>
  <dt>"3d"</dt>
  <data>
    7.2039527531570613e+01 4.8735874769406422e+01 3.2564614317873969e+02
    9.4492029897090703e+01 -1.0968888489071681e+01
    4.4348806487398571e+02 -3.3420014626945076e+01
    -9.5537745143134202e+01 5.4720785594041922e+02
    5.4304694191672475e+01 -9.5264816296859607e+01
    5.8716424559547954e+02 6.5870556813660130e+01
    -7.5556555026540821e+01 2.8029653029621136e+02
    -6.8610174870241195e+01 -7.7040849245571920e+01
    2.6869358077227025e+02 -1.3502515817615534e+02
    -1.9114111195052067e+02 4.8106145425850053e+02
    -1.8830071853196702e+02 -1.8471088087800439e+02
    5.3146221331555773e+02 1.2023030091919964e+02 2.1832854965295038e+01
    4.6789096726801102e+02 -6.7428527662181082e+01
    -8.8869395509383367e+01 5.2690526328474436e+02
    -8.2949762127081001e+01 -8.5370205488837314e+01
    5.0165622743815385e+02 -1.5004940021201090e+01
    -1.0129156190893293e+02 2.9790763290665592e+02</data></T>
</opencv_storage>
