<?xml version="1.0"?>
<opencv_storage>
<K type_id="opencv-matrix">
  <rows>3</rows>
  <cols>3</cols>
  <dt>d</dt>
  <data>
    3.0161949526795825e+03 0. 2.0032136224398691e+03 0.
    3.0172377827923383e+03 1.4978645727050257e+03 0. 0. 1.</data></K>
 <!-- resumed -->

<DC type_id="opencv-matrix">
  <rows>1</rows>
  <cols>5</cols>
  <dt>d</dt>
  <data>
    1.4017303010440865e-01 -6.7701021361967384e-01
    -4.8679540767186875e-04 -2.6104492845338475e-04
    1.2399665848738264e+00</data></DC>
 <!-- resumed -->

<R type_id="opencv-matrix">
  <rows>16</rows>
  <cols>1</cols>
  <dt>"3d"</dt>
  <data>
    -8.8880369998480244e-02 -3.1654821406646105e-01
    1.4686133708193421e+00 4.6897835863923501e-02 1.7053999322782398e-01
    2.7091972553980062e-02 -1.4999722355143408e-01
    -1.3235090637469840e-01 1.5173875659281970e+00
    1.1062088203712798e-01 2.3314682913135154e-01 1.5367898763058654e+00
    -9.1660634672811894e-02 -1.8684909214808781e-01
    -3.4087227270497032e-02 -1.4386923239251459e-01
    -5.2563127351843042e-02 9.9831431818823285e-03
    1.8198329693473173e-01 -2.8894349107857341e-02
    1.5714214986400026e+00 -7.6768619002754793e-02
    -3.2598677112092622e-01 1.4324404176427157e+00
    1.0853688002458442e-01 -1.9861338596609610e-01
    1.5431730337193927e+00 3.8878437576447328e-01
    -2.6281364882087332e-01 1.5104682938230143e+00
    -7.3140016924575127e-02 1.0074021541018041e-01
    1.5593651477607078e+00 3.7187979921196684e-01 2.8268810393728022e-01
    1.5524520205370766e+00 9.1049153696834501e-02
    -2.8493076173304510e-01 -4.5086407625582553e-02
    1.1940494925910401e-01 -2.2066114004851672e-01
    1.5120238773587600e+00 7.7723926616545327e-02
    -7.6112038658396358e-02 1.1173943993254165e-01
    2.3787667725014919e-01 -6.3406667680437914e-02
    1.6747972742637559e-02</data></R>
 <!-- resumed -->

<T type_id="opencv-matrix">
  <rows>16</rows>
  <cols>1</cols>
  <dt>"3d"</dt>
  <data>
    6.2671476485625085e+01 -8.5457746120247805e+01
    3.7264091811276586e+02 -2.5388724743795208e+01
    -9.2590698075787756e+01 8.2809166902598315e+02
    9.9064330453271651e+01 -1.1756171211888487e+02
    7.9926541025663232e+02 8.9032738895438101e+01
    -7.2183840741890918e+01 2.2877188701780915e+02
    -7.0605801698944319e+01 -7.1796694168940945e+01
    1.9769171637346363e+02 -6.4850681630013682e+01
    -7.5209445913842771e+01 2.0041544314167055e+02
    5.7400144042475645e+01 -6.7866345963842477e+01
    3.4971651240002831e+02 6.8424219743924795e+01
    -9.3547137391743533e+01 3.7483041474042511e+02
    6.4976494492977324e+01 -7.3005373837088158e+01
    3.3398763025192983e+02 8.2799209485143123e+01
    -6.4285884749437685e+01 3.0127986558950488e+02
    7.2919758189801669e+01 -8.1670994052435731e+01
    3.2425138819459738e+02 9.1131949216048440e+01
    -8.2741705217401318e+01 3.1378024958266190e+02
    -9.1942095990345990e+01 -1.0097080961870192e+02
    2.7857974950916002e+02 5.8868838719211595e+01
    -1.2198803095900797e+02 3.2078089560946319e+02
    2.2471484431282883e+02 -1.3593284483202007e+02
    7.6051284884408949e+02 -5.0576502246397581e+01
    4.3468324123088244e+00 7.8148665398169351e+02</data></T>
</opencv_storage>
