<?xml version="1.0"?>
<opencv_storage>
<K type_id="opencv-matrix">
  <rows>3</rows>
  <cols>3</cols>
  <dt>d</dt>
  <data>
    3.4422572961361484e+03 0. 1.3295132625951428e+03 0.
    3.4499054474328909e+03 2.3164946449793215e+03 0. 0. 1.</data></K>
 <!-- resumed -->

<DC type_id="opencv-matrix">
  <rows>1</rows>
  <cols>5</cols>
  <dt>d</dt>
  <data>
    4.9867940409880664e-02 -1.2413305713991100e-01
    -1.1406369898688315e-04 1.7748010224816682e-04
    3.9029153628312487e+00</data></DC>
 <!-- resumed -->

<R type_id="opencv-matrix">
  <rows>12</rows>
  <cols>1</cols>
  <dt>"3d"</dt>
  <data>
    -4.8238854577390820e-02 -9.0406559725929592e-02
    2.1351381693898955e-02 -8.9906362122589692e-02
    -6.6131522632593764e-01 6.3489943487557154e-02
    -2.7706207042471576e-01 -7.1341060774854193e-01
    2.2939113840196754e-01 1.6522398139368760e-01
    -5.7315946776295734e-01 -5.9478339408576955e-02
    1.1251676884593151e-01 -2.6045009539204306e-01
    1.5542511560449472e+00 -1.8817357159994516e-03
    -4.4361250646472228e-01 3.4208259473877775e-02
    4.6213862256386582e-04 -6.5683037668985467e-01
    5.7708343243435122e-02 -2.7051907328567804e-01
    -1.1646748560235889e-01 7.5747938484815203e-02
    1.5360626326828367e-01 4.7204383858679583e-01 1.4197497834991530e+00
    4.6133165962863004e-01 6.3834533578720076e-01 1.4350559725667409e+00
    4.7307527414358658e-01 3.0370668980138021e-01 1.4368703502138580e+00
    8.2755480174410201e-02 -2.9524123525583046e-01
    -1.4362454788865381e-02</data></R>
 <!-- resumed -->

<T type_id="opencv-matrix">
  <rows>12</rows>
  <cols>1</cols>
  <dt>"3d"</dt>
  <data>
    -8.3333100327247877e+01 -5.0019998388679269e+01
    4.2549497214082561e+02 -2.8709437047873060e+01
    -8.8564521450032998e+01 3.2586836821503488e+02
    -3.0893059950951173e+01 -8.9300148793147926e+01
    4.1495255049837181e+02 -6.7470508479056491e+01
    -7.8684079452151735e+01 5.1117509243570589e+02
    5.4455810106597809e+01 -4.2744154528445961e+01
    4.5734818405391678e+02 -3.9878243106515967e+01
    -7.7431079384908998e+01 3.7495957528786249e+02
    -2.3305113248233006e+01 -8.9981363427959707e+01
    3.4599588719719094e+02 -6.8924311412185901e+01
    -9.7305699637570683e+01 3.6288689331204745e+02
    3.4473700547451877e+01 -1.0234122750889989e+02
    3.6542027209663826e+02 5.3776807358549483e+01
    -7.5104104790412492e+01 4.0623154819141160e+02
    2.6745781888142591e+01 -3.2095617801679516e+01
    4.1244537739770033e+02 -7.5113138750528762e+01
    -6.1483785759307260e+01 3.6728986622718128e+02</data></T>
</opencv_storage>
