<?xml version="1.0"?>
<opencv_storage>
<K type_id="opencv-matrix">
  <rows>3</rows>
  <cols>3</cols>
  <dt>d</dt>
  <data>
    1.7192453741001493e+03 0. 9.5906545017494250e+02 0.
    1.7197996987637448e+03 5.3149654337275138e+02 0. 0. 1.</data></K>
 <!-- resumed -->

<DC type_id="opencv-matrix">
  <rows>1</rows>
  <cols>5</cols>
  <dt>d</dt>
  <data>
    1.5431032183401955e-01 -1.8286619061260523e+00
    -1.7498788093988976e-04 -2.1555197569185012e-03
    1.3556230230041781e+01</data></DC>
 <!-- resumed -->

<R type_id="opencv-matrix">
  <rows>15</rows>
  <cols>1</cols>
  <dt>"3d"</dt>
  <data>
    9.5930350070277920e-02 -6.6165641092306338e-01
    -3.0846106096129696e-02 5.0941732929819217e-01
    5.6863584012983825e-01 -1.0629999333286926e-01
    -9.2674939602838333e-02 1.8744657630520359e-01
    7.3524730169446176e-02 4.7499856483887111e-02
    -6.5824936102993159e-01 8.8891082766511281e-02
    -1.0613713565053346e-02 -9.3628544602465558e-01
    1.2241126297180216e+00 6.0671901254252714e-01
    -7.6184135972004818e-01 1.3593701227526205e+00
    -2.3601603425968767e-01 -1.0835821347212746e-01
    3.1102307856338247e+00 -3.6895385546843801e-01
    -4.8211029306557829e-01 1.4741872520273980e+00
    7.5238091153119857e-02 -3.7640118853387095e-01
    -3.6959212513751970e-02 5.8333244818598126e-02
    -2.4470652858045037e-02 2.5036203811945892e-02
    8.2315211130776111e-02 2.5684881918105384e-01 9.0451985082369776e-02
    -7.5462390974238225e-01 1.6806151971160319e-01
    -2.9917467968097355e+00 7.3200499394015983e-01
    1.0568579621868478e-01 -2.3783862527684961e-02
    -3.5792351188742760e-01 -3.6205884262505172e-01
    2.5615542814257664e-01 6.9816184478662080e-01 2.0005373340323304e-01
    1.2789286381265452e+00</data></R>
 <!-- resumed -->

<T type_id="opencv-matrix">
  <rows>15</rows>
  <cols>1</cols>
  <dt>"3d"</dt>
  <data>
    3.5491204269758754e+01 -6.8560924217040025e+01
    5.0149445724370349e+02 -1.3293314501280486e+02
    -5.8928889911584559e+00 5.8521200250070694e+02
    -9.7889051238507875e+01 -5.6998571209157731e+01
    5.3667140132220413e+02 -9.9384930087341885e+01
    -2.3237649825080659e+01 5.5491488160678728e+02
    4.5100853664011964e+01 -8.9714654768719299e+01
    5.3160500305537164e+02 2.5166430535215934e+01
    -2.6589918739337069e+01 4.4361460745481656e+02
    8.3643444214074449e+00 9.7821781882968210e+01 6.3461059345534125e+02
    1.1936337440166021e+02 -5.5327387704010725e+01
    6.0316979500795560e+02 -3.2755547055359187e+01
    -5.3355830434781616e+01 5.4064237813197622e+02
    -3.7593527766004613e+01 -6.5182538115757794e+01
    5.7785781726376058e+02 -6.1046752182454476e+01
    -8.9688068101997715e+01 5.7166504444263956e+02
    2.5280323205087594e+01 7.2931831926590149e+01 5.0893148910886759e+02
    -1.0172564994042948e+02 -2.8111051765925549e+01
    4.1187577430857129e+02 -3.9610990308594765e+01
    -9.4328651090919124e+01 4.7645247426298272e+02
    -1.9597191497000971e+01 -1.2061933809957118e+01
    4.7599801251740047e+02</data></T>
</opencv_storage>
