<?xml version="1.0"?>
<opencv_storage>
<K type_id="opencv-matrix">
  <rows>3</rows>
  <cols>3</cols>
  <dt>d</dt>
  <data>
    1.7141626887774958e+03 0. 5.7193341949853732e+02 0.
    1.7143008296471776e+03 9.2945530864797468e+02 0. 0. 1.</data></K>
 <!-- resumed -->

<DC type_id="opencv-matrix">
  <rows>1</rows>
  <cols>5</cols>
  <dt>d</dt>
  <data>
    6.0259224803542785e-03 4.3478464762730684e-01
    -2.4107173751173046e-03 9.7962455468106144e-03
    -1.4708242457528147e+00</data></DC>
 <!-- resumed -->

<R type_id="opencv-matrix">
  <rows>10</rows>
  <cols>1</cols>
  <dt>"3d"</dt>
  <data>
    4.8002597814960114e-02 -6.0799840790195847e-01
    1.4589218943655680e+00 4.1386905534966967e-01 6.3446339475140062e-03
    2.9773600576424863e-02 3.3785851332143263e-01 3.2055620406756535e-01
    1.2199008422227933e-01 5.0490231213748382e-01 4.9692677208801911e-01
    1.7718960581774570e-01 7.3555241000362037e-01 3.1626993655375046e-01
    1.3337509101119521e-01 6.8638543860687307e-01 1.5286703840619847e-01
    1.6999990507272025e-01 5.7946057674793539e-01 8.4326820834921934e-02
    4.2684199159124393e-02 3.0450228405336477e-01
    -1.0057471317799818e-01 2.3094593993072756e-02
    -7.6505673379118344e-02 -7.1506274737085738e-03
    -3.1225901048424136e+00 1.4487313771585542e-01
    -1.4980363772774857e-01 5.8396897768755791e-02</data></R>
 <!-- resumed -->

<T type_id="opencv-matrix">
  <rows>10</rows>
  <cols>1</cols>
  <dt>"3d"</dt>
  <data>
    7.6550580850469856e+01 -8.8688454214912966e+01
    6.2717611831269562e+02 -3.9179990299107395e+01
    -9.8457064664789002e+01 6.1136884361656723e+02
    -8.1286611694834363e+01 -1.0166486800373328e+02
    7.3834835830469183e+02 -7.7321477935293188e+01
    -8.3170997709548075e+01 8.0591210531993249e+02
    -1.2575106297914550e+02 -1.4182303743523303e+02
    8.3072606059982013e+02 -9.1365041860767946e+01
    -1.3994560725004138e+02 8.5374308400234474e+02
    -2.5007585484054832e+01 -6.5192639668642002e+01
    8.2981215503156875e+02 -8.9159091763522568e+01
    -7.7170838121753874e+01 6.0046685086690536e+02
    5.5106051914115980e+01 1.2533065526000712e+01 4.9972053830336267e+02
    -6.3144781988924521e+01 -2.0384726114987924e+01
    5.4275443156890856e+02</data></T>
</opencv_storage>
