<?xml version="1.0"?>
<opencv_storage>
<K type_id="opencv-matrix">
  <rows>3</rows>
  <cols>3</cols>
  <dt>d</dt>
  <data>
    4.4269980980822002e+03 0. 3840 0.
    4.3220437560663904e+03 2160 0. 0. 1.</data></K>
 <!-- resumed -->

<DC type_id="opencv-matrix">
  <rows>1</rows>
  <cols>5</cols>
  <dt>d</dt>
  <data>
    7.4221021459175418e-01 -5.3292185833905119e+00
    8.2454400095471628e-02 -6.4285292973234917e-02
    2.2759688059747219e+01</data></DC>
 <!-- resumed -->

<R type_id="opencv-matrix">
  <rows>15</rows>
  <cols>1</cols>
  <dt>"3d"</dt>
  <data>
    1.3064103632386548e-01 -5.3609946693331556e-01
    1.4428212038778134e+00 1.4071173090025144e-01
    -5.2209698985642972e-01 1.3615559749341635e+00
    2.6894874862684892e-01 -3.2161820198707114e-01
    1.4741348860587746e+00 3.6555219146143192e-01 1.1667842891123738e-01
    -1.0391776489574317e-02 3.6098036448907073e-01
    2.7487428116952861e-01 8.9846868869059238e-02 3.3830425431145961e-01
    3.6264094350003706e-01 1.9794260935786454e-01 2.7526172726220255e-01
    -1.4435528272895906e-01 8.6769175766026774e-02
    3.3478749142762559e-01 -9.2377322943759416e-02
    2.7149446277066294e-02 -2.9801972960761203e-01
    -6.8232589376325203e-01 3.0058792726822499e+00
    2.8190334584735954e-01 -6.5242250059194162e-01
    1.4039544942423419e+00 3.6502830867903213e-01
    -6.9940741366399350e-01 1.3657019129679242e+00
    3.8470870533040341e-01 -7.1427919837103582e-01
    1.3610695042445575e+00 4.1057779545336071e-01
    -7.3241752116559700e-01 1.3579524068391549e+00
    4.0958202686861778e-01 -7.3116067269611218e-01
    1.3585146929700451e+00 4.0421981129859219e-01
    -6.9839283642475680e-01 1.3923421280447366e+00</data></R>
 <!-- resumed -->

<T type_id="opencv-matrix">
  <rows>15</rows>
  <cols>1</cols>
  <dt>"3d"</dt>
  <data>
    2.8190463381899366e+02 -3.8383627053761495e+02
    1.6990622332902115e+03 2.1379778876028342e+02
    -3.1779034868928989e+02 1.6636138689572515e+03
    3.2863762178731020e+02 -2.8461415130868045e+02
    1.6240547204991865e+03 2.4468338657339810e+01
    -2.9257750643682539e+02 1.5881310741542140e+03
    -1.2976014287429726e+02 -3.6255707202054367e+02
    1.6916589384169936e+03 -5.0325688300675253e-01
    -5.1177666971373867e+02 1.8864810945424822e+03
    9.4195313043201253e+01 -5.0305511029726358e+02
    1.9391162492181516e+03 1.9939451752763017e+02
    -3.6418535461315923e+02 1.6613971723692891e+03
    2.0525698953787293e+02 -1.5097741249588535e+02
    1.3538267520706527e+03 1.4447631180850573e+02
    -2.5198116577315088e+02 1.0086124921609652e+03
    9.1482669577226275e+01 -2.0490769272865643e+02
    8.6782303585990644e+02 8.9560042564458087e+01
    -2.1615400552501310e+02 8.4406815917199492e+02
    8.3619185155760078e+01 -2.4390714257654633e+02
    8.4163116723570613e+02 7.7589404896795600e+01
    -2.5852914522293605e+02 8.7187465458158852e+02
    1.1600119100678617e+02 -2.7988807699643405e+02
    9.3954999997588186e+02</data></T>
</opencv_storage>
