<?xml version="1.0"?>
<opencv_storage>
<K type_id="opencv-matrix">
  <rows>3</rows>
  <cols>3</cols>
  <dt>d</dt>
  <data>
    1.7015821657657998e+03 0. 9.2760796953999511e+02 0.
    1.7086300217725391e+03 5.0700001432218215e+02 0. 0. 1.</data></K>
 <!-- resumed -->

<DC type_id="opencv-matrix">
  <rows>1</rows>
  <cols>5</cols>
  <dt>d</dt>
  <data>
    -2.2452033288158642e-02 1.3620543129446341e+00
    -2.4045215846080991e-03 -4.6860094616752515e-03
    -7.7778723992771699e+00</data></DC>
 <!-- resumed -->

<R type_id="opencv-matrix">
  <rows>15</rows>
  <cols>1</cols>
  <dt>"3d"</dt>
  <data>
    9.1792578518719983e-02 -4.5445646104155540e-01
    1.4979594667963689e+00 1.8649590676258168e-01
    -3.4891770243550357e-01 1.4963734907328341e+00
    3.1138885750353529e-01 1.3437967786730207e-01 1.2944979513228859e-02
    3.0445893002720287e-01 3.0553785541965239e-01 6.5551613232229189e-02
    3.2310838796935470e-01 4.9605039362918957e-01 1.0577187679889632e-01
    3.5253071322981555e-01 2.2987431226012622e-01 1.0061704314866372e-01
    3.7972483372908367e-01 -3.9072860732050300e-03
    6.4230087529858926e-02 1.8747800892546929e-01
    -4.4798321945592773e-01 1.5350967477930377e+00
    -5.7382357592028144e-01 -3.8082298253454899e-01
    3.0271177861578193e+00 1.3632265509275647e-02
    -2.9504608134235599e-01 7.8034838615233127e-03
    1.2784037121188557e-02 -2.0342319972718417e-01
    1.9906869307027970e-02 1.3073764401642415e-01
    -4.7224234034762308e-01 1.5180493019552326e+00
    9.5924023619499921e-02 -6.0003067325703419e-01
    1.4798602012344815e+00 -1.3250308852996051e-01
    -7.8603142116597624e-01 1.4117647623494696e+00
    3.8509667754173965e-01 -1.0591922475585093e-01
    6.9832863883511056e-03</data></R>
 <!-- resumed -->

<T type_id="opencv-matrix">
  <rows>15</rows>
  <cols>1</cols>
  <dt>"3d"</dt>
  <data>
    1.0563103891998357e+02 -7.1088232577461213e+01
    6.0890300161131347e+02 1.1044466947174571e+02
    -7.4952907273749886e+01 6.2060465460341288e+02
    -1.7741434547972457e+01 -9.6400726800193638e+01
    5.9164341591696507e+02 -8.1652108259786075e+01
    -6.4957223967076132e+01 6.6563599849054481e+02
    -5.6126196458265809e+01 -2.9544897864872926e+01
    8.0259520298254495e+02 -1.0841908789746402e+02
    -9.5930953381492667e+00 8.1433764459289398e+02
    -9.7542113937037044e+01 -4.8547391075030944e+01
    7.0468755834699596e+02 7.7650870632317222e+01
    -7.8169531837062209e+01 6.4717272952460894e+02
    -9.3626792618837111e+00 1.4705933335515889e+01
    7.8765000219549347e+02 -1.3101793508598655e+02
    -1.3273913910467667e+02 5.6924242125173828e+02
    -6.3649269076139255e+01 -8.3221719428570722e+01
    4.7144552377177871e+02 2.8369020921772993e+01
    -7.9032100537923995e+01 5.3355571987914402e+02
    5.5671406512064181e+01 -9.4614969750803880e+01
    5.7328470487643369e+02 1.7783137829564684e+01
    -7.6038546491378796e+01 6.3325645238493098e+02
    -2.5186471551918896e+01 -6.2051135438538907e+01
    6.2177182160372092e+02</data></T>
</opencv_storage>
