<?xml version="1.0"?>
<opencv_storage>
<K type_id="opencv-matrix">
  <rows>3</rows>
  <cols>3</cols>
  <dt>d</dt>
  <data>
    3.4412136432617754e+03 0. 2.0099312767871520e+03 0.
    3.4539293801685226e+03 1.1306070992635357e+03 0. 0. 1.</data></K>
 <!-- resumed -->

<DC type_id="opencv-matrix">
  <rows>1</rows>
  <cols>5</cols>
  <dt>d</dt>
  <data>
    1.0434762049928650e-01 -1.9112139273123323e+00
    6.6157071466849621e-03 7.4960727074836232e-03 8.3764761132992831e+00</data></DC>
 <!-- resumed -->

<R type_id="opencv-matrix">
  <rows>15</rows>
  <cols>1</cols>
  <dt>"3d"</dt>
  <data>
    -2.2329950032727381e-02 -5.6138674557644164e-01
    1.4745740083092334e+00 1.4041517913540247e-01
    -4.0741733114608841e-01 1.5484102827377453e+00
    2.9078902630707515e-01 1.3191360608261019e-01 1.3970462554147051e-01
    3.1457837083121387e-01 2.3389028446960392e-01 1.3311408710560890e-01
    4.6478190941198683e-01 1.4608583345835599e-01 1.6033692090391730e-01
    5.3638834517656553e-01 -2.2506420909534955e-01
    6.4498733329484886e-02 9.4675054495220234e-02
    -5.1717069525340242e-01 1.5700153588544448e+00
    2.4493051566808866e-01 -2.8457452670232619e-01
    -3.1816655502923355e-04 2.2013074538668542e-01
    -2.9965615563943182e-01 4.0284580131015888e-03
    1.2759421320262554e-01 -2.9765400690494176e-01
    3.1973411085892141e-02 6.2227289399646883e-02
    -2.7555953921009779e-01 1.5220195896626102e-02
    5.7740524567932744e-02 -1.3187634287694100e-01
    9.2358130995298052e-03 1.3545250395917413e-01 3.0208697806776473e-03
    1.5732431764009323e+00 2.6603434569463508e-01 8.9778107104937624e-02
    1.5504103021608764e+00 4.4148673064699184e-01
    -1.6115017279768559e-01 1.4524871044800562e+00</data></R>
 <!-- resumed -->

<T type_id="opencv-matrix">
  <rows>15</rows>
  <cols>1</cols>
  <dt>"3d"</dt>
  <data>
    6.4956208840145209e+01 -9.0878759260326817e+01
    6.9227578110124830e+02 3.2327308954279033e+01
    -7.6735363442039485e+01 6.8156121030330269e+02
    -6.5226071910304725e+01 -1.0667453337030688e+02
    6.9618541316994902e+02 -1.7123593242278051e+02
    -6.3655138119784340e+01 7.4681858834754632e+02
    -1.2128566797204921e+02 -4.5645488006673972e+01
    7.4358164680124207e+02 -1.6590247059670858e+02
    -2.9172031719144357e+01 7.1618166375501448e+02
    7.3336804502677168e+01 1.6620800822787118e+01 7.1249508670829209e+02
    -6.0686498983176506e+01 -4.9079628434216808e+01
    5.4645667513239039e+02 -8.0470371832578508e+01
    -8.8277627196575608e+01 5.0040629166477805e+02
    -9.8107177729338545e+01 -1.2292629650538670e+02
    4.6616934924010627e+02 -1.3028803874523564e+02
    -1.1062197412915451e+02 4.9690428782610132e+02
    -1.2336406142356753e+02 -1.0338423202436752e+02
    5.2289006609990884e+02 3.3093824926795818e+01
    -1.0040589270074047e+02 5.3493284895881732e+02
    3.1353518206449092e+01 -5.8250084741685207e+01
    5.4015327139827332e+02 -1.9771478445693948e+01
    -9.5063069349434613e+01 5.5088981143672402e+02</data></T>
</opencv_storage>
