<?xml version="1.0"?>
<opencv_storage>
<K type_id="opencv-matrix">
  <rows>3</rows>
  <cols>3</cols>
  <dt>d</dt>
  <data>
    3.0732223994929814e+03 0. 2.0144326322460379e+03 0.
    3.0684091769917636e+03 1.5125516281969567e+03 0. 0. 1.</data></K>
 <!-- resumed -->

<DC type_id="opencv-matrix">
  <rows>1</rows>
  <cols>5</cols>
  <dt>d</dt>
  <data>
    6.5590859239199856e-02 -9.6174617463256495e-01
    2.8288164541955972e-04 2.3519948637757888e-03 3.7240585541496620e+00</data></DC>
 <!-- resumed -->

<R type_id="opencv-matrix">
  <rows>14</rows>
  <cols>1</cols>
  <dt>"3d"</dt>
  <data>
    -2.8164713861982749e-01 -6.1879492936408464e-01
    1.4406116154265403e+00 -7.1338295100709659e-01
    -8.7531173396795475e-02 -2.9324226372119617e+00
    6.5630848288885191e-01 1.3308684719891797e-01 9.7111232722346688e-02
    6.4686962276521731e-01 -3.1944054340767791e-01
    1.1698114213522082e-01 5.0509105028700496e-01 5.0534332798576442e-01
    -4.1038615014504842e-02 4.9088194264375351e-01
    -6.7813493530458857e-01 4.1015488331969684e-02
    -3.6798507387154476e-02 -1.0118053080468916e+00
    1.4610009814899787e+00 2.0096897810597469e-01
    -2.7777721965610375e-01 -1.1250888446198950e-02
    1.8987807424233571e-01 4.0025530107887536e-01 1.0250752787012243e-01
    2.6286954585840561e-01 -6.8551946312793677e-01
    3.5821791708233207e-02 2.5079870478470417e-01
    -2.5070581907021672e-01 -3.9901691020076341e-03
    2.2916260332612520e-01 5.4903126290676361e-02 6.1118639355910290e-02
    2.6887073919145588e-01 4.2370849073227917e-01 7.5646399939315864e-02
    4.7384976647216892e-01 5.4869315367453220e-01 6.0018143114792172e-02</data></R>
 <!-- resumed -->

<T type_id="opencv-matrix">
  <rows>14</rows>
  <cols>1</cols>
  <dt>"3d"</dt>
  <data>
    7.9603527124849734e+01 -1.1061432364517550e+02
    5.8175411024976256e+02 8.4261749907143610e+01 4.8276332704839106e+01
    4.4199001826139352e+02 -3.0124793099004695e+01
    -5.3738788180087226e+01 4.7214391503398195e+02
    -6.8762327912040632e+01 -6.1651530598974745e+01
    4.4495652025827127e+02 -7.1748894100371103e+01
    -5.6987123371474340e+01 4.4840229686374244e+02
    -6.6454081345124621e+01 -6.9700163913446303e+01
    3.2373983225645571e+02 4.8285182839493430e+01
    -6.2815661629903552e+01 4.3486906194864531e+02
    -9.7539670895077265e+01 -1.0009452857986635e+02
    3.7029255393388621e+02 -5.3041801134618993e+01
    -8.9477795030203865e+01 5.0932146714720704e+02
    -8.9079890760884126e+01 -1.2261287229058388e+02
    3.6922033362826113e+02 -4.9568020070211865e+01
    -8.3581123241301952e+01 4.7605526429259697e+02
    -6.8100935196705706e+01 -9.4175971888409336e+01
    4.9762801365202040e+02 -9.4727986892550945e+01
    -9.5412301458824146e+01 5.0708848975927970e+02
    -2.4016405782516305e+01 -2.6803380893591292e+01
    5.5576146576595340e+02</data></T>
</opencv_storage>
