<?xml version="1.0"?>
<opencv_storage>
<K type_id="opencv-matrix">
  <rows>3</rows>
  <cols>3</cols>
  <dt>d</dt>
  <data>
    3.1258104122473869e+03 0. 2.0051273522755193e+03 0.
    3.1273001708496568e+03 1.2796400875122756e+03 0. 0. 1.</data></K>
 <!-- resumed -->

<DC type_id="opencv-matrix">
  <rows>1</rows>
  <cols>5</cols>
  <dt>d</dt>
  <data>
    9.6393631769552499e-02 6.3381599049067205e-01 1.7131802933132878e-02
    -5.4619279546864975e-04 -1.0673268891909448e+01</data></DC>
 <!-- resumed -->

<R type_id="opencv-matrix">
  <rows>10</rows>
  <cols>1</cols>
  <dt>"3d"</dt>
  <data>
    1.9190033197090817e-01 -2.9847092736170433e-01
    1.5319041474120307e+00 5.8733537022712023e-01 2.4277608807467915e-01
    1.4720681921987033e+00 6.9490592271328855e-01 3.5166325321683034e-01
    1.3910371727019226e+00 5.1477037240822721e-01 4.5186867849530521e-01
    3.2864741721470282e-02 1.2669430299691267e-01
    -3.2742187591645405e-02 1.5098488668014160e-02
    1.1390145879039361e-01 -8.7766854862030313e-02
    -6.6825372918561938e-04 1.8175192880598071e-01
    -2.8507330145972382e-01 6.0462572475349155e-03
    2.7196203955158321e-01 -3.9065490740393777e-01
    8.6274318229911003e-03 8.7166459278670630e-02
    -4.5835525996553039e-01 1.4796305357539510e+00
    -2.6149139999868443e-02 -6.1188313624597124e-01
    1.4604254954736744e+00</data></R>
 <!-- resumed -->

<T type_id="opencv-matrix">
  <rows>10</rows>
  <cols>1</cols>
  <dt>"3d"</dt>
  <data>
    1.4557785825289242e+00 -1.0516309909373038e+02
    7.3948709686372410e+02 9.0528882453176081e+01
    -9.6643823368439485e+01 6.2407670224150854e+02
    7.3826512231303397e+01 -6.0147308591769935e+01
    6.0956195486377294e+02 -6.8132537526460098e+01
    -7.5863873527912759e+01 7.2817585416278484e+02
    -1.1620272848128570e+02 -7.7586005774432195e+01
    7.1413768086649543e+02 -6.5055213447620488e+01
    -9.9407024683713985e+01 7.2542783603039049e+02
    -1.3795258234013747e+02 -1.0563487908929092e+02
    6.7465777145480922e+02 -1.4001873285039525e+02
    -1.1225778923279924e+02 6.5528318283992519e+02
    2.1455762121386403e+01 -1.0846827418897146e+02
    7.1351562696153735e+02 -5.0180334394005772e+00
    -1.2337881389275319e+02 7.0327965100365532e+02</data></T>
</opencv_storage>
