<?xml version="1.0"?>
<opencv_storage>
<K type_id="opencv-matrix">
  <rows>3</rows>
  <cols>3</cols>
  <dt>d</dt>
  <data>
    3.1792617804392639e+03 0. 1.2075951379356404e+03 0.
    3.2258264905496030e+03 1.6528744296506461e+03 0. 0. 1.</data></K>
 <!-- resumed -->

<DC type_id="opencv-matrix">
  <rows>1</rows>
  <cols>5</cols>
  <dt>d</dt>
  <data>
    2.7835304690729812e-03 3.4483736442435946e+00
    -5.8337274944096414e-02 1.4883101001685795e-02
    -2.6441527201849468e+01</data></DC>
 <!-- resumed -->

<R type_id="opencv-matrix">
  <rows>10</rows>
  <cols>1</cols>
  <dt>"3d"</dt>
  <data>
    3.3534713718108705e-03 -5.1390164406105676e-01
    1.4894272745288899e+00 5.0378877029505809e-01 1.0969564340676949e-01
    1.0624899220524144e-01 -3.2983665822153521e-02
    -6.1342861393524212e-04 9.9732461115150592e-03
    -2.3083496350910282e-02 -2.2702668967602763e-01
    1.5611584782684560e+00 -4.0672262858413230e-03
    3.2425038396179040e-01 1.5995644664698740e+00 2.3611112926522342e-02
    -5.0917558706068466e-01 1.5541038998600034e+00
    -1.6851373629206781e-01 -8.0730666265587703e-01
    1.4295757195596943e+00 -5.4820072781368162e-03
    -5.3398387006739090e-01 1.4897446095829288e+00
    3.0554288861458545e-01 2.3356270008829186e-02 6.1604350555805737e-02
    2.8971774523339150e-01 8.3560761886320223e-02 5.3224727920492522e-02</data></R>
 <!-- resumed -->

<T type_id="opencv-matrix">
  <rows>10</rows>
  <cols>1</cols>
  <dt>"3d"</dt>
  <data>
    8.6927237852625282e+01 -2.6381405057061500e+01
    6.6407409639869820e+02 -8.3109915358127623e+01
    3.4894231671420684e+01 8.6927176825304059e+02
    -5.8576297464441517e+01 -1.9938387821630393e+01
    6.0029964117003578e+02 3.0533359519807263e+01 5.3711730603346552e-02
    6.4683279729853996e+02 8.4598555228061628e+01
    -5.9502244840167030e+01 5.4926436623927225e+02
    8.8249346749897342e+01 -2.3725887420108990e+01
    6.5255392298216452e+02 4.3056289452839806e+01
    -8.0130113390729804e+01 6.3782527974396191e+02
    1.1024926352635022e+02 -3.5045658271126356e+01
    6.6073886311618639e+02 -2.2221972204305466e+01
    -2.0132831014258340e+01 6.5202145146182352e+02
    -2.5482467993769461e+01 -3.7575230787653673e+01
    6.6043881658721693e+02</data></T>
</opencv_storage>
