<?xml version="1.0"?>
<opencv_storage>
<K type_id="opencv-matrix">
  <rows>3</rows>
  <cols>3</cols>
  <dt>d</dt>
  <data>
    1.7246758288831063e+03 0. 9.9596575304885926e+02 0.
    1.7304823288914340e+03 5.5019214056476358e+02 0. 0. 1.</data></K>
 <!-- resumed -->

<DC type_id="opencv-matrix">
  <rows>1</rows>
  <cols>5</cols>
  <dt>d</dt>
  <data>
    3.0008278829366748e-02 -4.2276258277158446e-01
    2.8102605099202668e-03 5.2563885690914500e-03
    -2.0091088850887786e+00</data></DC>
 <!-- resumed -->

<R type_id="opencv-matrix">
  <rows>13</rows>
  <cols>1</cols>
  <dt>"3d"</dt>
  <data>
    1.7089853003541544e-01 -2.8155765238647812e-01
    1.5421442932511791e+00 1.1701498135814165e-01
    -4.7026719736034027e-02 4.1658573394951652e-02
    5.3035373461406987e-01 2.5977405849950153e-01 1.4744128884326277e+00
    1.1682175875989675e-01 1.0040653259311991e-01 4.5471772297621484e-02
    2.2300003379186736e-01 -3.8760020852674221e-01
    9.1289946666523510e-03 -2.6356396845358598e-01
    -8.6055075997561203e-01 1.3147894420418889e+00
    6.2561818195024699e-01 3.2371277497391521e-01 1.4139034846276715e+00
    5.0083325156390601e-01 3.8630988053367704e-01 2.4800293469497248e-02
    1.2130553788081483e-01 -4.4125281597843832e-02
    4.6084066165226117e-02 1.3057477508001378e-01
    -2.9122214414189429e-01 9.6140634148372487e-03
    2.1964000864540717e-01 -3.8681473405334044e-01
    1.3725395439858906e-02 -2.6005970705797882e-01
    -8.5817219848100790e-01 1.3103368410784686e+00
    1.8040739329914562e-01 -2.8333943075432361e-01
    1.5430627253151987e+00</data></R>
 <!-- resumed -->

<T type_id="opencv-matrix">
  <rows>13</rows>
  <cols>1</cols>
  <dt>"3d"</dt>
  <data>
    3.4022305295156192e+00 -7.8049212607086062e+01
    7.1493242922543982e+02 -1.1954602411952045e+02
    -5.5237606202745312e+01 6.8626106376424218e+02
    6.2532176416495545e+01 -5.9814726788729189e+01
    6.0339282473353296e+02 -1.2993284781408278e+02
    -6.8869377015557376e+01 6.2977122901875612e+02
    -1.5567733158927109e+02 -7.1550680830725071e+01
    6.4672688903929009e+02 8.2632810739077598e+01
    -1.1249519105115247e+02 6.5675909916346950e+02
    3.7668688112713021e+01 -4.1466146863037089e+01
    5.9282545119666474e+02 -1.1040926027729429e+02
    -6.0245645168190180e+01 6.9955196661941932e+02
    -1.1887916019520495e+02 -5.2993705499721102e+01
    6.8457255944407484e+02 -1.4124371350589101e+02
    -5.9687211204246680e+01 6.5386290263250510e+02
    -1.4350025579462169e+02 -6.5911531794821428e+01
    6.4031166921267072e+02 3.1204666082066737e+01
    -1.0495821068758248e+02 6.6499611762051973e+02
    2.2928331583091923e+00 -8.1206799422620591e+01
    7.1556171325269406e+02</data></T>
</opencv_storage>
