<?xml version="1.0"?>
<opencv_storage>
<K type_id="opencv-matrix">
  <rows>3</rows>
  <cols>3</cols>
  <dt>d</dt>
  <data>
    3.1258104122559539e+03 0. 2.0051273522629267e+03 0.
    3.1273001708583183e+03 1.2796400875226082e+03 0. 0. 1.</data></K>
 <!-- resumed -->

<DC type_id="opencv-matrix">
  <rows>1</rows>
  <cols>5</cols>
  <dt>d</dt>
  <data>
    9.6393631769064791e-02 6.3381599063436611e-01 1.7131802934464369e-02
    -5.4619279692278192e-04 -1.0673268893586373e+01</data></DC>
 <!-- resumed -->

<R type_id="opencv-matrix">
  <rows>10</rows>
  <cols>1</cols>
  <dt>"3d"</dt>
  <data>
    1.9190033197519485e-01 -2.9847092736093850e-01
    1.5319041474112951e+00 5.8733537023215765e-01 2.4277608807599607e-01
    1.4720681921983680e+00 6.9490592271848872e-01 3.5166325321801734e-01
    1.3910371727015527e+00 5.1477037241117996e-01 4.5186867849916679e-01
    3.2864741721214230e-02 1.2669430299876586e-01
    -3.2742187588968984e-02 1.5098488667772129e-02
    1.1390145879375459e-01 -8.7766854860356056e-02
    -6.6825372952479751e-04 1.8175192880921509e-01
    -2.8507330145711879e-01 6.0462572469397700e-03
    2.7196203955474846e-01 -3.9065490740083841e-01
    8.6274318220866397e-03 8.7166459283395045e-02
    -4.5835525996524312e-01 1.4796305357529431e+00
    -2.6149139994863266e-02 -6.1188313624550794e-01
    1.4604254954726024e+00</data></R>
 <!-- resumed -->

<T type_id="opencv-matrix">
  <rows>10</rows>
  <cols>1</cols>
  <dt>"3d"</dt>
  <data>
    1.4557785855342793e+00 -1.0516309909620276e+02
    7.3948709686544134e+02 9.0528882455716683e+01
    -9.6643823370544055e+01 6.2407670224272977e+02
    7.3826512233774253e+01 -6.0147308593812028e+01
    6.0956195486508375e+02 -6.8132537523515083e+01
    -7.5863873530334530e+01 7.2817585416479915e+02
    -1.1620272847838908e+02 -7.7586005776809557e+01
    7.1413768086856157e+02 -6.5055213444660637e+01
    -9.9407024686106254e+01 7.2542783603199643e+02
    -1.3795258233733128e+02 -1.0563487909152826e+02
    6.7465777145655341e+02 -1.4001873284766467e+02
    -1.1225778923497836e+02 6.5528318284167199e+02
    2.1455762124286007e+01 -1.0846827419133513e+02
    7.1351562696291012e+02 -5.0180334365232051e+00
    -1.2337881389506886e+02 7.0327965100494907e+02</data></T>
</opencv_storage>
