<?xml version="1.0"?>
<opencv_storage>
<K type_id="opencv-matrix">
  <rows>3</rows>
  <cols>3</cols>
  <dt>d</dt>
  <data>
    1.9297662001017065e+03 0. 9.7558404109619823e+02 0.
    1.9281236446262374e+03 4.9647525634236632e+02 0. 0. 1.</data></K>
 <!-- resumed -->

<DC type_id="opencv-matrix">
  <rows>1</rows>
  <cols>5</cols>
  <dt>d</dt>
  <data>
    -3.6259993018673670e-01 1.7475675666865926e+00
    -1.1300863989124379e-02 -9.8975960092892775e-03
    -6.4925346315966053e+00</data></DC>
 <!-- resumed -->

<R type_id="opencv-matrix">
  <rows>7</rows>
  <cols>1</cols>
  <dt>"3d"</dt>
  <data>
    2.7025613853011005e-01 -2.1760669837876795e-01
    3.1067283748793026e+00 2.4703967952967898e-01 9.4697458778458740e-02
    1.4774379381031830e+00 1.7859100812360995e-01
    -7.9771097394613424e-02 3.1556977919288465e-02
    1.5566935679701693e-01 -4.1194959172517182e-01
    7.1351131844411247e-02 -4.3194371601028660e-02
    -2.4621710681468301e-01 1.2365009130246685e+00
    1.6943649205003586e-01 6.4438690100339878e-05 2.2935693275529988e-02
    -4.0271879823631104e-02 -2.9478376101227377e-01
    1.5057634128090733e+00</data></R>
 <!-- resumed -->

<T type_id="opencv-matrix">
  <rows>7</rows>
  <cols>1</cols>
  <dt>"3d"</dt>
  <data>
    5.4129568120654739e+01 1.0150840571291975e+02 5.8516411231954010e+02
    1.5329066847628264e+01 -9.4733718158772348e+01
    5.6358085312649928e+02 -7.9771382953914802e+00
    -2.6757713498210021e+00 5.2075042118695069e+02
    1.5533325897628689e+01 -3.5104160233915415e+01
    5.4410764686416462e+02 1.2221721228817733e+01
    -8.2237498832235175e+01 6.2528323261640662e+02
    -1.1918669150646437e+02 -5.9420982891304931e+01
    5.4389960055869733e+02 5.5584840537851719e+01
    -6.5515171031066728e+01 6.2268217905712731e+02</data></T>
</opencv_storage>
