<?xml version="1.0"?>
<opencv_storage>
<K type_id="opencv-matrix">
  <rows>3</rows>
  <cols>3</cols>
  <dt>d</dt>
  <data>
    2.4781089098675084e+03 0. 4.9224614547389399e+02 0.
    2.8159893258791499e+03 5.1602302312354243e+02 0. 0. 1.</data></K>
</opencv_storage>
