<?xml version="1.0"?>
<opencv_storage>
<K type_id="opencv-matrix">
  <rows>3</rows>
  <cols>3</cols>
  <dt>d</dt>
  <data>
    1.9136087584469810e+03 0. 9.9846082189754713e+02 0.
    1.9157873410246266e+03 5.0447935650206352e+02 0. 0. 1.</data></K>
 <!-- resumed -->

<DC type_id="opencv-matrix">
  <rows>1</rows>
  <cols>5</cols>
  <dt>d</dt>
  <data>
    -3.6579195435449791e-01 5.7206482710865236e-01
    -1.8529114079264370e-03 -5.2849530773200386e-03
    2.0762186749470550e+00</data></DC>
 <!-- resumed -->

<R type_id="opencv-matrix">
  <rows>8</rows>
  <cols>1</cols>
  <dt>"3d"</dt>
  <data>
    1.3024860106722180e-01 -1.2036505990489057e-02
    1.6268701443079649e-02 5.7405608084576676e-01 3.8112682558392941e-01
    1.4921805401192649e+00 -4.6661295353679938e-01
    4.0507524393240797e-02 -3.0865802425717934e+00
    -2.9382562410951787e-02 3.7570262318734081e-02
    4.4286318794984590e-02 -5.2621722416996995e-02
    4.1284840614972473e-01 1.3197069442701509e-01 7.8289285611775630e-02
    -2.0604289051076827e-01 -1.3402686983300776e-02
    1.7748746773980290e-01 -2.9168958260584205e-01
    3.1034461952106769e+00 9.3999626311594739e-02
    -1.4382346180303243e-01 4.6431603315246393e-02</data></R>
 <!-- resumed -->

<T type_id="opencv-matrix">
  <rows>8</rows>
  <cols>1</cols>
  <dt>"3d"</dt>
  <data>
    -6.0368912389658398e+01 -6.2074221004716215e+01
    7.4879614887807747e+02 -9.2821463642467663e+01
    -6.0601146443250308e+01 9.6766306178804507e+02
    -9.1035013175022598e+01 6.2953657661680417e+01
    1.1237727222597327e+03 -1.3906702930123171e+02
    1.1194784417436719e+02 1.1867147775933513e+03
    -7.7475085146154996e+01 9.8750859901283846e+01
    1.2866832704815520e+03 -5.0074983868615270e+01
    -7.3759239795360784e+01 8.5233323030578310e+02
    7.0344732379674213e+01 1.3165309170739420e+02 7.5529993472965577e+02
    4.0761239791915543e+01 4.1242163493673900e+01 7.6481562437473610e+02</data></T>
</opencv_storage>
