<?xml version="1.0"?>
<opencv_storage>
<K type_id="opencv-matrix">
  <rows>3</rows>
  <cols>3</cols>
  <dt>d</dt>
  <data>
    1.9718205792457488e+03 0. 1.0124458034329306e+03 0.
    1.9693775531975859e+03 5.0336916815570578e+02 0. 0. 1.</data></K>
 <!-- resumed -->

<DC type_id="opencv-matrix">
  <rows>1</rows>
  <cols>5</cols>
  <dt>d</dt>
  <data>
    -2.7619281934342643e-01 -1.0867210789328496e+00
    -1.2052699898798796e-02 -4.6289957370961553e-03
    1.3607508519816671e+01</data></DC>
 <!-- resumed -->

<R type_id="opencv-matrix">
  <rows>15</rows>
  <cols>1</cols>
  <dt>"3d"</dt>
  <data>
    2.3246130960869682e-01 -2.1728866850299361e-01
    3.1120777892506375e+00 1.0842260445257532e-01
    -2.3344658811697561e-02 1.6826651917206465e-02
    7.0178955473647928e-02 -2.2263082537606227e-01
    -1.3041578704527358e-02 5.6746722569021257e-01
    3.8756167738618008e-01 1.4923834322127962e+00
    -4.7219081570235544e-01 1.8428489762156053e-02
    -3.0868986250171493e+00 -1.7014617346918998e-01
    -8.8972725840005970e-02 4.9328051792902838e-02
    -5.4076880117149062e-02 4.2061644824546557e-01
    1.3168783999430389e-01 1.7679281372541530e-01
    -2.9129290266051874e-02 2.4900898489655959e-02
    -5.2663412588825120e-02 -3.1852785078293894e-01
    1.5052166550394128e+00 2.3441398685873924e-01 7.3415359784366030e-02
    1.4794788088423145e+00 1.7933055365727532e-01
    -1.1131026819234617e-01 3.4841248504682606e-02
    1.5976385940214591e-01 -4.3950370818420109e-01
    7.2518795808692166e-02 -4.8867596687002524e-02
    -2.7010864493400916e-01 1.2361223245007056e+00
    1.7379224916418073e-01 -2.6811662950141207e-01
    3.1066094982423533e+00 7.4457837702790838e-02
    -1.6739179810032440e-01 4.9385280642792719e-02</data></R>
 <!-- resumed -->

<T type_id="opencv-matrix">
  <rows>15</rows>
  <cols>1</cols>
  <dt>"3d"</dt>
  <data>
    4.2789599032013307e+01 9.9464889169143021e+01 6.0038567849025594e+02
    -6.5836417570348331e+01 -6.1758036168199162e+01
    7.7326534795373027e+02 -5.6230366682675609e+01
    -7.3267254734733527e+01 8.7768188028000191e+02
    -9.9848997703936604e+01 -5.9962288012601974e+01
    9.9818606467865459e+02 -9.9236809441405327e+01
    6.3712971618091792e+01 1.1560427516182667e+03
    -1.4780304379189627e+02 1.1378893679048019e+02
    1.2250761813401111e+03 -8.6320556589134938e+01
    9.9134816492598375e+01 1.3153956152212966e+03
    -1.2948110518616406e+02 -6.1246944633491964e+01
    5.5219759245327521e+02 4.3603529099452281e+01
    -6.7741826406470494e+01 6.3703426931239721e+02
    4.5042467677626137e+00 -9.6746220770286030e+01
    5.7665403927596515e+02 -1.7886080837540881e+01
    -4.6201537249866913e+00 5.3224616523320981e+02
    5.1760770761376866e+00 -3.7050759675112978e+01
    5.5671612954891350e+02 2.9091239444518835e-01
    -8.4417150567752032e+01 6.3820262623983194e+02
    6.4714463460105037e+01 1.3247513382330484e+02 7.7651220428723286e+02
    3.5123768107256907e+01 4.1681366821211839e+01 7.8664474636906857e+02</data></T>
</opencv_storage>
